2745.93	47
2744.54	41
2743.15	52
2741.77	60
2740.38	52
2738.99	54
2737.6	49
2736.21	40
2734.82	44
2733.43	34
2732.04	51
2730.65	43
2729.26	36
2727.87	38
2726.47	45
2725.08	50
2723.69	42
2722.29	48
2720.9	35
2719.5	37
2718.11	45
2716.71	45
2715.32	32
2713.92	46
2712.52	43
2711.12	39
2709.72	41
2708.32	30
2706.92	37
2705.52	36
2704.12	38
2702.72	39
2701.32	31
2699.92	43
2698.52	38
2697.11	41
2695.71	58
2694.3	46
2692.9	36
2691.49	37
2690.09	25
2688.68	35
2687.28	53
2685.87	42
2684.46	37
2683.05	27
2681.64	50
2680.23	39
2678.82	31
2677.41	45
2676	42
2674.59	33
2673.18	40
2671.77	30
2670.35	35
2668.94	33
2667.53	41
2666.11	30
2664.7	37
2663.28	32
2661.87	33
2660.45	31
2659.03	43
2657.62	27
2656.2	44
2654.78	51
2653.36	38
2651.94	34
2650.52	44
2649.1	34
2647.68	40
2646.26	31
2644.83	53
2643.41	46
2641.99	37
2640.57	32
2639.14	34
2637.72	33
2636.29	35
2634.87	25
2633.44	44
2632.01	33
2630.59	43
2629.16	38
2627.73	27
2626.3	34
2624.87	43
2623.44	40
2622.01	45
2620.58	42
2619.15	31
2617.72	32
2616.28	22
2614.85	27
2613.42	39
2611.98	26
2610.55	34
2609.11	45
2607.68	36
2606.24	48
2604.81	31
2603.37	35
2601.93	33
2600.49	38
2599.05	22
2597.62	34
2596.18	34
2594.73	45
2593.29	33
2591.85	35
2590.41	31
2588.97	45
2587.53	27
2586.08	37
2584.64	44
2583.19	52
2581.75	31
2580.3	44
2578.86	37
2577.41	22
2575.96	38
2574.52	30
2573.07	46
2571.62	39
2570.17	33
2568.72	33
2567.27	41
2565.82	35
2564.37	28
2562.92	39
2561.47	31
2560.01	45
2558.56	42
2557.1	32
2555.65	40
2554.2	54
2552.74	29
2551.28	47
2549.83	38
2548.37	40
2546.91	45
2545.46	33
2544	38
2542.54	31
2541.08	36
2539.62	41
2538.16	51
2536.7	35
2535.23	34
2533.77	38
2532.31	41
2530.85	38
2529.38	32
2527.92	45
2526.45	37
2524.99	39
2523.52	33
2522.05	40
2520.59	33
2519.12	31
2517.65	24
2516.18	29
2514.71	38
2513.24	43
2511.77	30
2510.3	34
2508.83	25
2507.36	39
2505.89	48
2504.41	43
2502.94	47
2501.47	37
2499.99	42
2498.52	48
2497.04	22
2495.56	48
2494.09	39
2492.61	31
2491.13	52
2489.65	29
2488.17	38
2486.69	46
2485.21	28
2483.73	24
2482.25	25
2480.77	39
2479.29	31
2477.81	32
2476.32	30
2474.84	37
2473.36	46
2471.87	46
2470.38	40
2468.9	41
2467.41	41
2465.93	27
2464.44	43
2462.95	46
2461.46	39
2459.97	49
2458.48	36
2456.99	46
2455.5	21
2454.01	42
2452.52	29
2451.03	46
2449.53	27
2448.04	47
2446.55	35
2445.05	37
2443.56	33
2442.06	46
2440.56	26
2439.07	40
2437.57	33
2436.07	43
2434.57	39
2433.07	35
2431.57	38
2430.07	39
2428.57	40
2427.07	26
2425.57	30
2424.07	37
2422.57	44
2421.06	38
2419.56	35
2418.05	35
2416.55	37
2415.04	34
2413.54	41
2412.03	34
2410.52	38
2409.02	29
2407.51	43
2406	25
2404.49	31
2402.98	29
2401.47	35
2399.96	34
2398.45	29
2396.93	40
2395.42	35
2393.91	40
2392.39	41
2390.88	37
2389.37	42
2387.85	44
2386.33	42
2384.82	43
2383.3	39
2381.78	29
2380.26	34
2378.75	23
2377.23	44
2375.71	36
2374.19	45
2372.66	39
2371.14	30
2369.62	30
2368.1	42
2366.58	53
2365.05	28
2363.53	23
2362	33
2360.48	37
2358.95	29
2357.42	26
2355.9	42
2354.37	41
2352.84	43
2351.31	41
2349.78	35
2348.25	43
2346.72	41
2345.19	32
2343.66	37
2342.13	26
2340.6	42
2339.06	31
2337.53	30
2335.99	39
2334.46	41
2332.92	31
2331.39	38
2329.85	21
2328.31	40
2326.78	41
2325.24	34
2323.7	51
2322.16	39
2320.62	28
2319.08	49
2317.54	27
2316	38
2314.45	36
2312.91	36
2311.37	39
2309.82	46
2308.28	43
2306.73	42
2305.19	50
2303.64	48
2302.09	37
2300.55	50
2299	37
2297.45	29
2295.9	36
2294.35	35
2292.8	31
2291.25	31
2289.7	31
2288.15	30
2286.6	42
2285.04	42
2283.49	36
2281.93	42
2280.38	45
2278.82	39
2277.27	41
2275.71	34
2274.15	39
2272.6	45
2271.04	40
2269.48	39
2267.92	31
2266.36	40
2264.8	33
2263.24	32
2261.68	50
2260.12	42
2258.55	34
2256.99	35
2255.43	44
2253.86	29
2252.3	33
2250.73	33
2249.16	34
2247.6	40
2246.03	43
2244.46	27
2242.89	39
2241.32	39
2239.76	36
2238.18	28
2236.61	34
2235.04	36
2233.47	38
2231.9	44
2230.32	38
2228.75	31
2227.18	30
2225.6	35
2224.03	46
2222.45	29
2220.87	30
2219.3	35
2217.72	34
2216.14	37
2214.56	31
2212.98	37
2211.4	18
2209.82	41
2208.24	31
2206.66	36
2205.08	35
2203.49	27
2201.91	37
2200.33	36
2198.74	22
2197.16	42
2195.57	34
2193.98	25
2192.4	30
2190.81	41
2189.22	37
2187.63	35
2186.04	33
2184.45	41
2182.86	31
2181.27	51
2179.68	40
2178.09	43
2176.49	27
2174.9	26
2173.31	38
2171.71	50
2170.12	26
2168.52	48
2166.92	37
2165.33	39
2163.73	29
2162.13	43
2160.53	38
2158.93	39
2157.33	40
2155.73	27
2154.13	40
2152.53	41
2150.93	44
2149.32	36
2147.72	40
2146.12	26
2144.51	41
2142.91	32
2141.3	40
2139.69	42
2138.09	33
2136.48	41
2134.87	24
2133.26	34
2131.65	43
2130.04	37
2128.43	41
2126.82	34
2125.21	29
2123.6	30
2121.98	39
2120.37	25
2118.76	47
2117.14	33
2115.53	35
2113.91	32
2112.29	21
2110.68	46
2109.06	41
2107.44	40
2105.82	34
2104.2	31
2102.58	21
2100.96	41
2099.34	30
2097.72	43
2096.09	18
2094.47	37
2092.85	31
2091.22	37
2089.6	36
2087.97	39
2086.35	33
2084.72	36
2083.09	33
2081.46	42
2079.83	26
2078.21	35
2076.58	24
2074.95	45
2073.32	29
2071.68	29
2070.05	44
2068.42	46
2066.79	33
2065.15	35
2063.52	37
2061.88	38
2060.25	31
2058.61	35
2056.97	32
2055.33	35
2053.7	45
2052.06	28
2050.42	44
2048.78	36
2047.14	42
2045.5	35
2043.85	42
2042.21	30
2040.57	38
2038.93	39
2037.28	38
2035.64	61
2033.99	29
2032.34	35
2030.7	36
2029.05	27
2027.4	31
2025.75	39
2024.1	40
2022.45	34
2020.8	46
2019.15	32
2017.5	38
2015.85	32
2014.2	31
2012.54	41
2010.89	46
2009.23	31
2007.58	30
2005.92	36
2004.27	29
2002.61	37
2000.95	36
1999.29	27
1997.63	38
1995.97	33
1994.31	53
1992.65	34
1990.99	32
1989.33	35
1987.67	35
1986	29
1984.34	41
1982.68	40
1981.01	40
1979.34	42
1977.68	31
1976.01	47
1974.34	34
1972.68	44
1971.01	31
1969.34	38
1967.67	34
1966	43
1964.33	32
1962.65	30
1960.98	31
1959.31	45
1957.63	42
1955.96	40
1954.28	41
1952.61	30
1950.93	41
1949.26	41
1947.58	34
1945.9	31
1944.22	41
1942.54	51
1940.86	27
1939.18	51
1937.5	32
1935.82	39
1934.13	36
1932.45	28
1930.77	38
1929.08	36
1927.4	46
1925.71	40
1924.03	40
1922.34	37
1920.65	40
1918.96	35
1917.27	32
1915.58	36
1913.89	49
1912.2	36
1910.51	48
1908.82	30
1907.13	36
1905.43	49
1903.74	52
1902.05	34
1900.35	47
1898.66	24
1896.96	27
1895.26	52
1893.56	41
1891.87	40
1890.17	46
1888.47	26
1886.77	52
1885.07	35
1883.37	44
1881.66	19
1879.96	41
1878.26	44
1876.55	42
1874.85	44
1873.14	40
1871.44	39
1869.73	40
1868.02	45
1866.32	30
1864.61	46
1862.9	46
1861.19	36
1859.48	37
1857.77	47
1856.06	41
1854.34	39
1852.63	30
1850.92	39
1849.2	32
1847.49	49
1845.77	26
1844.06	35
1842.34	34
1840.62	40
1838.9	41
1837.19	45
1835.47	32
1833.75	21
1832.03	32
1830.31	25
1828.58	37
1826.86	34
1825.14	39
1823.41	38
1821.69	35
1819.96	45
1818.24	41
1816.51	26
1814.78	37
1813.06	30
1811.33	43
1809.6	43
1807.87	33
1806.14	35
1804.41	43
1802.68	42
1800.95	38
1799.21	35
1797.48	36
1795.75	36
1794.01	41
1792.28	37
1790.54	36
1788.8	38
1787.06	26
1785.33	27
1783.59	33
1781.85	34
1780.11	43
1778.37	37
1776.63	32
1774.88	47
1773.14	29
1771.4	38
1769.66	35
1767.91	32
1766.17	28
1764.42	43
1762.67	25
1760.93	28
1759.18	42
1757.43	30
1755.68	34
1753.93	41
1752.18	44
1750.43	19
1748.68	31
1746.93	39
1745.17	31
1743.42	48
1741.66	44
1739.91	44
1738.15	30
1736.4	28
1734.64	36
1732.88	46
1731.12	48
1729.36	41
1727.61	26
1725.84	36
1724.08	33
1722.32	44
1720.56	33
1718.8	35
1717.03	46
1715.27	35
1713.5	46
1711.74	41
1709.97	30
1708.21	43
1706.44	32
1704.67	31
1702.9	31
1701.13	31
1699.36	26
1697.59	40
1695.82	44
1694.05	40
1692.27	36
1690.5	29
1688.73	24
1686.95	40
1685.18	36
1683.4	38
1681.62	37
1679.84	38
1678.07	38
1676.29	42
1674.51	33
1672.73	31
1670.95	41
1669.16	41
1667.38	41
1665.6	41
1663.82	28
1662.03	35
1660.25	41
1658.46	39
1656.68	39
1654.89	38
1653.1	40
1651.31	33
1649.52	32
1647.73	44
1645.94	29
1644.15	38
1642.36	33
1640.57	42
1638.78	44
1636.98	51
1635.19	43
1633.39	33
1631.6	39
1629.8	44
1628	38
1626.21	28
1624.41	37
1622.61	26
1620.81	52
1619.01	35
1617.21	32
1615.41	51
1613.6	35
1611.8	34
1610	38
1608.19	32
1606.39	36
1604.58	38
1602.77	41
1600.97	31
1599.16	38
1597.35	46
1595.54	41
1593.73	41
1591.92	28
1590.11	35
1588.3	35
1586.48	31
1584.67	37
1582.86	36
1581.04	28
1579.23	38
1577.41	42
1575.59	35
1573.78	44
1571.96	50
1570.14	21
1568.32	43
1566.5	38
1564.68	44
1562.86	29
1561.03	31
1559.21	36
1557.39	43
1555.56	42
1553.74	35
1551.91	38
1550.09	38
1548.26	22
1546.43	51
1544.6	30
1542.77	31
1540.94	27
1539.11	39
1537.28	46
1535.45	43
1533.62	38
1531.78	36
1529.95	42
1528.11	39
1526.28	28
1524.44	41
1522.61	46
1520.77	41
1518.93	36
1517.09	34
1515.25	41
1513.41	31
1511.57	41
1509.73	44
1507.89	37
1506.04	41
1504.2	32
1502.36	41
1500.51	36
1498.66	41
1496.82	37
1494.97	20
1493.12	37
1491.27	42
1489.42	29
1487.57	33
1485.72	40
1483.87	43
1482.02	37
1480.17	37
1478.31	29
1476.46	36
1474.6	44
1472.75	43
1470.89	39
1469.04	45
1467.18	34
1465.32	52
1463.46	40
1461.6	44
1459.74	37
1457.88	25
1456.02	44
1454.15	32
1452.29	40
1450.43	43
1448.56	29
1446.7	40
1444.83	34
1442.96	34
1441.09	28
1439.23	41
1437.36	26
1435.49	49
1433.62	29
1431.75	38
1429.87	43
1428	29
1426.13	29
1424.25	43
1422.38	53
1420.5	18
1418.63	45
1416.75	29
1414.87	36
1412.99	37
1411.11	25
1409.23	39
1407.35	33
1405.47	32
1403.59	37
1401.71	43
1399.83	36
1397.94	35
1396.06	32
1394.17	37
1392.28	36
1390.4	36
1388.51	26
1386.62	36
1384.73	31
1382.84	36
1380.95	40
1379.06	35
1377.17	38
1375.28	32
1373.38	42
1371.49	36
1369.59	36
1367.7	31
1365.8	40
1363.9	33
1362.01	38
1360.11	22
1358.21	44
1356.31	30
1354.41	35
1352.51	49
1350.61	55
1348.7	28
1346.8	35
1344.89	44
1342.99	35
1341.08	42
1339.18	44
1337.27	36
1335.36	34
1333.45	32
1331.54	41
1329.63	22
1327.72	44
1325.81	53
1323.9	44
1321.99	37
1320.07	29
1318.16	46
1316.24	21
1314.33	52
1312.41	41
1310.49	37
1308.58	41
1306.66	39
1304.74	34
1302.82	35
1300.9	27
1298.97	29
1297.05	40
1295.13	39
1293.2	40
1291.28	40
1289.35	45
1287.43	40
1285.5	40
1283.57	40
1281.65	34
1279.72	45
1277.79	36
1275.86	50
1273.92	36
1271.99	37
1270.06	39
1268.13	40
1266.19	37
1264.26	34
1262.32	35
1260.38	38
1258.45	44
1256.51	43
1254.57	55
1252.63	36
1250.69	45
1248.75	36
1246.81	22
1244.87	28
1242.92	28
1240.98	33
1239.03	26
1237.09	29
1235.14	32
1233.2	40
1231.25	45
1229.3	41
1227.35	41
1225.4	32
1223.45	36
1221.5	45
1219.55	27
1217.59	39
1215.64	26
1213.69	40
1211.73	45
1209.77	36
1207.82	30
1205.86	51
1203.9	34
1201.94	37
1199.98	32
1198.02	35
1196.06	30
1194.1	37
1192.14	41
1190.17	22
1188.21	40
1186.25	37
1184.28	33
1182.31	45
1180.35	53
1178.38	40
1176.41	31
1174.44	43
1172.47	39
1170.5	43
1168.53	42
1166.55	30
1164.58	42
1162.61	30
1160.63	30
1158.66	39
1156.68	39
1154.7	45
1152.73	35
1150.75	37
1148.77	42
1146.79	32
1144.81	33
1142.83	36
1140.84	39
1138.86	41
1136.88	36
1134.89	37
1132.91	42
1130.92	54
1128.93	23
1126.95	40
1124.96	37
1122.97	33
1120.98	37
1118.99	28
1117	40
1115	25
1113.01	29
1111.02	39
1109.02	36
1107.03	30
1105.03	39
1103.03	35
1101.04	44
1099.04	34
1097.04	23
1095.04	40
1093.04	48
1091.04	38
1089.04	27
1087.03	34
1085.03	38
1083.02	38
1081.02	31
1079.01	26
1077	53
1075	37
1072.99	53
1070.98	16
1068.97	29
1066.96	31
1064.95	41
1062.94	35
1060.92	40
1058.91	43
1056.89	38
1054.88	37
1052.86	28
1050.84	48
1048.83	42
1046.81	37
1044.79	43
1042.77	30
1040.75	44
1038.73	33
1036.7	37
1034.68	56
1032.66	27
1030.63	34
1028.61	43
1026.58	33
1024.55	52
1022.52	26
1020.5	29
1018.47	26
1016.44	43
1014.41	42
1012.37	45
1010.34	37
1008.31	47
1006.27	30
1004.24	47
1002.2	33
1000.17	43
998.129	40
996.091	41
994.052	38
992.012	35
989.972	40
987.931	46
985.889	27
983.845	35
981.802	42
979.757	38
977.712	33
975.666	32
973.619	34
971.572	37
969.524	51
967.475	27
965.424	34
963.373	41
961.322	35
959.269	34
957.217	22
955.162	29
953.107	31
951.052	36
948.996	29
946.939	39
944.881	29
942.821	44
940.762	40
938.702	27
936.641	44
934.579	25
932.516	42
930.452	50
928.388	40
926.324	40
924.257	35
922.19	33
920.123	43
918.055	46
915.985	44
913.915	24
911.844	35
909.773	50
907.701	29
905.628	50
903.554	40
901.479	36
899.403	41
897.327	33
895.249	43
893.172	34
891.092	36
889.013	29
886.933	37
884.851	42
882.769	33
880.686	22
878.603	49
876.518	33
874.433	35
872.347	45
870.26	29
868.173	39
866.084	41
863.994	26
861.905	37
859.814	37
857.722	38
855.629	21
853.536	31
851.441	29
849.346	27
847.251	43
845.154	41
843.056	34
840.958	39
838.859	42
836.759	36
834.658	43
832.556	35
830.454	36
828.351	53
826.246	24
824.142	40
822.036	36
819.93	32
817.822	47
815.715	26
813.605	48
811.496	36
809.385	20
807.274	42
805.161	31
803.048	34
800.934	28
798.819	40
796.704	29
794.587	28
792.47	35
790.352	42
788.233	36
786.114	33
783.993	24
781.872	42
779.749	35
777.627	32
775.503	33
773.378	40
771.252	39
769.126	34
766.999	40
764.871	39
762.742	42
760.612	30
758.482	35
756.351	38
754.219	38
752.085	43
749.952	39
747.817	20
745.682	31
743.545	31
741.408	36
739.27	46
737.131	18
734.991	46
732.851	26
730.71	48
728.568	27
726.424	35
724.281	35
722.136	23
719.991	36
717.844	52
715.697	32
713.549	38
711.4	40
709.25	52
707.1	32
704.948	44
702.796	33
700.643	46
698.489	28
696.334	40
694.179	36
692.022	33
689.865	29
687.706	34
685.547	32
683.388	42
681.227	29
679.066	37
676.903	39
674.74	32
672.576	43
670.411	27
668.245	35
666.078	42
663.911	40
661.742	20
659.573	30
657.403	40
655.232	41
653.061	38
650.888	48
648.714	37
646.54	34
644.365	29
642.189	45
640.012	30
637.834	25
635.655	47
633.476	39
631.295	33
629.114	37
626.932	33
624.75	38
622.566	36
620.381	27
618.196	41
616.009	27
613.823	35
611.635	40
609.445	36
607.256	41
605.065	32
602.873	36
600.681	40
598.488	36
596.294	45
594.099	32
591.903	52
589.706	48
587.509	46
585.311	29
583.111	40
580.911	34
578.71	42
576.508	35
574.305	41
572.102	22
569.898	51
567.692	39
565.486	28
563.279	45
561.071	47
558.862	30
556.652	28
554.442	28
552.23	41
550.019	24
547.805	41
545.591	32
543.376	36
541.16	41
538.944	34
536.726	33
534.508	36
532.288	28
530.068	27
527.847	39
525.625	43
523.403	24
521.179	28
518.954	46
516.729	30
514.503	26
512.275	40
510.047	30
507.818	33
505.588	39
503.358	35
501.126	36
498.893	33
496.66	33
494.426	36
492.191	32
489.955	34
487.718	33
485.48	37
483.242	38
481.002	38
478.761	35
476.52	31
474.278	31
472.035	35
469.791	41
467.545	26
465.3	46
463.054	42
460.806	44
458.558	31
456.308	51
454.058	21
451.807	37
449.555	46
447.302	22
445.048	40
442.794	37
440.538	39
438.282	37
436.024	45
433.766	44
431.506	51
429.246	38
426.985	25
424.724	25
422.461	48
420.197	34
417.933	29
415.667	41
413.401	35
411.134	30
408.866	49
406.597	33
404.326	41
402.056	22
399.784	33
397.512	35
395.238	33
392.964	39
390.689	45
388.412	37
386.135	40
383.857	39
381.578	50
379.298	27
377.017	53
374.736	30
372.453	38
370.169	55
367.885	32
365.599	25
363.313	33
361.026	43
358.738	32
356.449	30
354.16	43
351.869	39
349.577	32
347.285	38
344.991	31
342.697	38
340.401	42
338.105	40
335.808	27
333.509	38
331.211	35
328.91	35
326.61	42
324.308	40
322.006	41
319.702	50
317.397	38
315.092	35
312.786	34
310.479	39
308.17	45
305.862	39
303.551	28
301.24	27
298.928	26
296.616	41
294.302	24
291.987	42
289.672	36
287.356	23
285.039	37
282.72	44
280.401	43
278.08	20
275.76	32
273.437	35
271.114	50
268.791	32
266.466	46
264.14	38
261.813	40
259.486	41
257.157	26
254.828	29
252.498	39
250.166	34
247.834	33
245.501	37
243.166	27
240.832	40
238.495	45
236.158	47
233.821	35
231.482	28
229.142	32
226.801	33
224.46	36
222.117	28
219.774	42
217.43	40
215.085	33
212.738	40
210.391	32
208.043	43
205.693	28
203.344	33
200.992	34
198.64	36
196.288	32
193.934	38
191.579	45
189.223	33
186.867	36
184.509	36
182.151	39
179.791	45
177.431	27
175.069	26
172.707	36
170.344	32
167.98	27
165.615	44
163.248	29
160.881	34
158.514	24
156.145	34
153.775	32
151.404	29
149.032	41
146.659	40
144.285	41
141.911	44
139.535	45
137.158	29
134.781	34
132.403	29
130.023	34
127.643	25
125.261	35
122.879	41
120.496	45
118.111	31
115.726	33
113.34	36
110.954	45
108.565	33
106.177	20
103.786	43
101.395	42
99.0032	41
96.6106	35
94.2161	36
91.8217	36
89.4264	37
87.0292	37
84.632	40
82.233	42
79.8331	32
77.4322	31
75.0315	43
72.6288	34
70.2252	39
67.8208	36
65.4154	20
63.0091	24
60.6018	41
58.1927	34
55.7837	40
53.3737	44
50.9618	30
48.5501	27
46.1373	25
43.7227	52
41.3072	34
38.8917	37
36.4744	38
34.0561	33
31.6369	44
29.2177	27
26.7967	37
24.3747	31
21.9518	37
19.527	42
17.1022	40
14.6766	35
12.25	30
9.82148	47
7.39304	45
4.96367	30
2.53238	44
0.101156	37
-2.33199	32
-4.76606	47
-7.20007	49
-9.636	38
-12.0729	33
-14.5107	40
-16.9494	38
-19.389	47
-21.8296	29
-24.2712	33
-26.7136	40
-29.157	35
-31.6023	34
-34.0476	31
-36.4938	31
-38.9419	30
-41.39	36
-43.84	27
-46.29	30
-48.7418	32
-51.1947	47
-53.6474	40
-56.1021	46
-58.5578	47
-61.0144	40
-63.4719	26
-65.9304	46
-68.3898	37
-70.8502	40
-73.3115	42
-75.7738	37
-78.238	39
-80.7021	43
-83.1672	38
-85.6343	23
-88.1012	47
-90.5702	24
-93.0391	44
-95.5099	35
-97.9817	28
-100.453	32
-102.927	44
-105.402	44
-107.877	38
-110.354	42
-112.832	36
-115.31	44
-117.789	32
-120.27	33
-122.751	33
-125.234	30
-127.718	28
-130.202	24
-132.688	31
-135.174	37
-137.662	47
-140.15	40
-142.64	28
-145.13	22
-147.622	35
-150.115	32
-152.609	36
-155.103	40
-157.599	43
-160.096	28
-162.593	30
-165.092	42
-167.592	32
-170.092	22
-172.595	34
-175.098	45
-177.601	45
-180.107	30
-182.612	37
-185.119	37
-187.627	37
-190.135	37
-192.646	35
-195.157	39
-197.669	37
-200.182	37
-202.696	39
-205.21	32
-207.727	38
-210.244	47
-212.762	43
-215.281	28
-217.802	38
-220.323	33
-222.845	36
-225.369	40
-227.893	32
-230.418	29
-232.944	23
-235.472	36
-238	40
-240.53	28
-243.06	27
-245.592	36
-248.124	34
-250.658	46
-253.193	36
-255.728	30
-258.265	24
-260.803	41
-263.342	31
-265.882	40
-268.423	39
-270.965	42
-273.508	37
-276.052	30
-278.597	32
-281.143	34
-283.69	37
-286.238	45
-288.787	23
-291.338	24
-293.889	41
-296.441	47
-298.995	31
-301.55	36
-304.105	34
-306.662	25
-309.218	44
-311.777	44
-314.337	50
-316.898	33
-319.46	33
-322.023	40
-324.586	26
-327.151	49
-329.717	37
-332.285	41
-334.853	38
-337.422	31
-339.992	35
-342.563	49
-345.136	37
-347.709	33
-350.283	44
-352.859	28
-355.435	39
-358.013	21
-360.591	25
-363.171	34
-365.752	32
-368.334	34
-370.917	43
-373.5	37
-376.085	29
-378.672	30
-381.259	47
-383.847	32
-386.436	29
-389.027	43
-391.618	43
-394.211	42
-396.804	30
-399.398	35
-401.994	38
-404.591	22
-407.189	25
-409.787	25
-412.388	34
-414.989	25
-417.59	45
-420.194	29
-422.798	49
-425.403	35
-428.01	25
-430.617	33
-433.226	39
-435.836	37
-438.445	30
-441.057	25
-443.67	35
-446.284	28
-448.899	43
-451.516	35
-454.133	45
-456.751	44
-459.37	20
-461.99	36
-464.612	38
-467.234	31
-469.857	44
-472.483	44
-475.108	24
-477.735	39
-480.363	40
-482.992	34
-485.622	36
-488.253	24
-490.885	56
-493.519	36
-496.154	31
-498.789	34
-501.426	34
-504.064	34
-506.702	38
-509.342	36
-511.983	37
-514.625	27
-517.269	47
-519.913	25
-522.558	42
-525.205	39
-527.852	24
-530.501	30
-533.151	35
-535.801	31
-538.453	40
-541.106	34
-543.761	35
-546.416	36
-549.072	46
-551.73	28
-554.388	43
-557.047	38
-559.708	38
-562.37	33
-565.033	32
-567.697	26
-570.362	39
-573.029	41
-575.695	43
-578.364	32
-581.034	45
-583.705	36
-586.376	41
-589.049	44
-591.723	40
-594.398	31
-597.075	42
-599.752	33
-602.43	40
-605.11	32
-607.791	44
-610.472	31
-613.155	47
-615.84	40
-618.525	42
-621.211	42
-623.898	34
-626.587	44
-629.276	42
-631.966	41
-634.659	33
-637.351	43
-640.046	40
-642.741	39
-645.438	33
-648.134	33
-650.833	32
-653.533	42
-656.233	34
-658.936	33
-661.639	43
-664.342	38
-667.048	41
-669.755	47
-672.462	35
-675.171	44
-677.881	33
-680.592	33
-683.304	46
-686.017	46
-688.731	32
-691.447	35
-694.163	33
-696.881	41
-699.6	33
-702.319	46
-705.041	26
-707.763	41
-710.486	35
-713.21	23
-715.937	35
-718.663	33
-721.392	37
-724.12	32
-726.85	36
-729.582	40
-732.314	37
-735.048	41
-737.783	18
-740.519	26
-743.256	50
-745.995	35
-748.733	33
-751.474	49
-754.216	47
-756.958	41
-759.702	34
-762.447	43
-765.193	43
-767.941	36
-770.69	37
-773.439	33
-776.19	38
-778.942	42
-781.695	30
-784.449	43
-787.205	33
-789.961	33
-792.719	45
-795.477	29
-798.238	46
-800.999	47
-803.761	35
-806.525	33
-809.29	43
-812.055	35
-814.822	28
-817.591	40
-820.36	43
-823.131	36
-825.902	30
-828.675	42
-831.449	22
-834.224	34
-837	42
-839.778	31
-842.556	23
-845.336	37
-848.117	43
-850.898	31
-853.682	38
-856.467	28
-859.253	39
-862.04	42
-864.827	38
-867.616	35
-870.406	28
-873.198	40
-875.991	45
-878.784	31
-881.579	28
-884.376	48
-887.173	42
-889.971	45
-892.771	38
-895.572	32
-898.374	40
-901.177	41
-903.982	37
-906.787	43
-909.594	36
-912.402	48
-915.21	43
-918.022	39
-920.833	28
-923.645	40
-926.46	34
-929.274	32
-932.091	42
-934.908	42
-937.726	26
-940.546	35
-943.367	44
-946.19	29
-949.012	33
-951.837	41
-954.664	34
-957.49	34
-960.318	37
-963.147	27
-965.978	33
-968.81	47
-971.643	33
-974.476	29
-977.312	36
-980.149	39
-982.987	32
-985.824	39
-988.665	37
-991.506	40
-994.349	34
-997.193	44
-1000.04	34
-1002.88	45
-1005.73	22
-1008.58	35
-1011.43	46
-1014.28	29
-1017.13	31
-1019.99	43
-1022.84	52
-1025.7	45
-1028.55	43
-1031.41	30
-1034.27	34
-1037.13	48
-1039.99	31
-1042.85	42
-1045.72	45
-1048.58	35
-1051.45	46
-1054.32	32
-1057.19	33
-1060.06	41
-1062.93	30
-1065.8	39
-1068.68	38
-1071.55	49
-1074.43	43
-1077.3	31
-1080.18	36
-1083.06	37
-1085.95	41
-1088.83	46
-1091.71	28
-1094.6	38
-1097.48	47
-1100.37	51
-1103.26	37
-1106.15	32
-1109.04	33
-1111.93	40
-1114.82	40
-1117.72	33
-1120.61	38
-1123.51	31
-1126.41	34
-1129.31	34
-1132.21	35
-1135.11	35
-1138.02	52
-1140.92	37
-1143.83	45
-1146.73	34
-1149.64	34
-1152.55	34
-1155.46	29
-1158.37	39
-1161.29	33
-1164.2	39
-1167.12	27
-1170.03	43
-1172.95	26
-1175.87	41
-1178.79	36
-1181.71	44
-1184.64	38
-1187.56	31
-1190.49	39
-1193.42	44
-1196.34	40
-1199.27	41
-1202.2	30
-1205.13	34
-1208.07	46
-1211	30
-1213.94	47
-1216.87	43
-1219.81	35
-1222.75	45
-1225.69	31
-1228.63	34
-1231.58	36
-1234.52	38
-1237.47	25
-1240.42	30
-1243.36	39
-1246.31	30
-1249.26	35
-1252.22	51
-1255.17	47
-1258.12	30
-1261.08	35
-1264.04	38
-1266.99	38
-1269.95	30
-1272.91	43
-1275.88	32
-1278.84	49
-1281.8	33
-1284.77	41
-1287.74	30
-1290.71	32
-1293.68	37
-1296.65	41
-1299.62	25
-1302.59	31
-1305.57	46
-1308.54	33
-1311.52	39
-1314.5	25
-1317.48	36
-1320.46	41
-1323.44	29
-1326.43	36
-1329.41	37
-1332.4	40
-1335.38	37
-1338.37	37
-1341.36	34
-1344.36	39
-1347.35	26
-1350.34	37
-1353.34	35
-1356.33	37
-1359.33	48
-1362.33	35
-1365.33	33
-1368.33	34
-1371.34	43
-1374.34	28
-1377.35	32
-1380.35	35
-1383.36	41
-1386.37	38
-1389.38	36
-1392.39	32
