2745.96	459
2744.58	492
2743.19	471
2741.81	497
2740.42	477
2739.03	484
2737.64	494
2736.25	476
2734.86	491
2733.47	503
2732.08	508
2730.69	527
2729.3	514
2727.91	510
2726.51	496
2725.12	528
2723.73	536
2722.33	503
2720.94	521
2719.54	510
2718.15	512
2716.75	518
2715.35	502
2713.96	509
2712.56	541
2711.16	542
2709.76	533
2708.36	519
2706.96	539
2705.56	541
2704.16	539
2702.76	517
2701.36	524
2699.96	548
2698.56	529
2697.15	562
2695.75	563
2694.34	558
2692.94	558
2691.53	563
2690.13	557
2688.72	550
2687.31	571
2685.91	579
2684.5	552
2683.09	573
2681.68	587
2680.27	576
2678.86	572
2677.45	586
2676.04	581
2674.63	592
2673.22	600
2671.81	586
2670.39	577
2668.98	591
2667.57	568
2666.15	590
2664.74	571
2663.32	567
2661.91	576
2660.49	596
2659.07	571
2657.65	592
2656.24	600
2654.82	622
2653.4	606
2651.98	638
2650.56	632
2649.14	608
2647.72	605
2646.3	613
2644.87	609
2643.45	620
2642.03	614
2640.61	619
2639.18	649
2637.76	643
2636.33	626
2634.91	647
2633.48	680
2632.05	639
2630.62	666
2629.2	667
2627.77	660
2626.34	676
2624.91	680
2623.48	681
2622.05	678
2620.62	658
2619.19	662
2617.76	690
2616.32	675
2614.89	681
2613.46	685
2612.02	677
2610.59	683
2609.15	662
2607.72	705
2606.28	681
2604.85	689
2603.41	674
2601.97	691
2600.53	685
2599.09	709
2597.65	667
2596.22	683
2594.78	714
2593.33	731
2591.89	681
2590.45	702
2589.01	706
2587.57	703
2586.12	704
2584.68	725
2583.23	715
2581.79	707
2580.34	706
2578.9	706
2577.45	755
2576	724
2574.56	734
2573.11	715
2571.66	747
2570.21	742
2568.76	756
2567.31	735
2565.86	732
2564.41	746
2562.96	771
2561.51	756
2560.05	770
2558.6	760
2557.15	769
2555.69	762
2554.24	766
2552.78	771
2551.32	764
2549.87	775
2548.41	779
2546.95	769
2545.5	796
2544.04	778
2542.58	804
2541.12	776
2539.66	831
2538.2	780
2536.74	823
2535.27	784
2533.81	802
2532.35	798
2530.89	804
2529.42	828
2527.96	812
2526.49	811
2525.03	817
2523.56	796
2522.09	814
2520.63	822
2519.16	786
2517.69	825
2516.22	804
2514.75	849
2513.28	831
2511.81	845
2510.34	829
2508.87	812
2507.4	853
2505.93	852
2504.45	815
2502.98	839
2501.51	838
2500.03	869
2498.56	832
2497.08	858
2495.6	866
2494.13	859
2492.65	881
2491.17	872
2489.69	849
2488.22	887
2486.74	850
2485.26	871
2483.78	854
2482.29	879
2480.81	870
2479.33	881
2477.85	876
2476.36	883
2474.88	884
2473.4	857
2471.91	903
2470.43	914
2468.94	926
2467.45	894
2465.97	907
2464.48	920
2462.99	903
2461.5	895
2460.01	939
2458.52	930
2457.03	910
2455.54	922
2454.05	922
2452.56	938
2451.07	965
2449.57	929
2448.08	949
2446.59	943
2445.09	943
2443.6	953
2442.1	961
2440.6	969
2439.11	984
2437.61	958
2436.11	999
2434.61	961
2433.12	973
2431.62	990
2430.12	969
2428.62	984
2427.11	1031
2425.61	1025
2424.11	985
2422.61	989
2421.1	1012
2419.6	964
2418.1	995
2416.59	1011
2415.09	1019
2413.58	1022
2412.07	1050
2410.57	1028
2409.06	1042
2407.55	1022
2406.04	1013
2404.53	1015
2403.02	1018
2401.51	997
2400	1075
2398.49	1009
2396.98	1024
2395.46	1033
2393.95	1041
2392.44	1044
2390.92	1037
2389.41	1010
2387.89	1057
2386.38	1061
2384.86	1054
2383.34	1035
2381.82	1047
2380.31	1041
2378.79	1045
2377.27	1075
2375.75	1060
2374.23	1096
2372.71	1041
2371.19	1061
2369.66	1080
2368.14	1080
2366.62	1104
2365.09	1079
2363.57	1113
2362.04	1074
2360.52	1084
2358.99	1128
2357.47	1100
2355.94	1095
2354.41	1149
2352.88	1132
2351.35	1108
2349.83	1110
2348.3	1102
2346.77	1111
2345.23	1130
2343.7	1140
2342.17	1113
2340.64	1145
2339.1	1118
2337.57	1169
2336.04	1124
2334.5	1157
2332.97	1133
2331.43	1147
2329.89	1161
2328.36	1190
2326.82	1175
2325.28	1201
2323.74	1182
2322.2	1159
2320.66	1197
2319.12	1172
2317.58	1171
2316.04	1139
2314.5	1166
2312.95	1215
2311.41	1216
2309.87	1186
2308.32	1186
2306.78	1219
2305.23	1202
2303.68	1200
2302.14	1225
2300.59	1227
2299.04	1232
2297.49	1227
2295.94	1168
2294.39	1243
2292.84	1220
2291.29	1244
2289.74	1248
2288.19	1236
2286.64	1232
2285.09	1250
2283.53	1284
2281.98	1266
2280.42	1218
2278.87	1272
2277.31	1279
2275.76	1260
2274.2	1265
2272.64	1279
2271.08	1276
2269.52	1302
2267.96	1286
2266.4	1269
2264.84	1272
2263.28	1298
2261.72	1291
2260.16	1275
2258.6	1275
2257.03	1304
2255.47	1299
2253.9	1272
2252.34	1344
2250.77	1314
2249.21	1308
2247.64	1330
2246.07	1352
2244.51	1344
2242.94	1305
2241.37	1326
2239.8	1337
2238.23	1332
2236.66	1360
2235.09	1327
2233.51	1349
2231.94	1325
2230.37	1358
2228.79	1332
2227.22	1370
2225.65	1331
2224.07	1377
2222.49	1347
2220.92	1396
2219.34	1367
2217.76	1368
2216.18	1357
2214.61	1392
2213.03	1378
2211.45	1374
2209.86	1400
2208.28	1411
2206.7	1370
2205.12	1397
2203.54	1377
2201.95	1422
2200.37	1410
2198.78	1393
2197.2	1405
2195.61	1405
2194.03	1445
2192.44	1419
2190.85	1437
2189.26	1473
2187.67	1413
2186.09	1439
2184.5	1466
2182.9	1467
2181.31	1449
2179.72	1443
2178.13	1482
2176.54	1487
2174.94	1476
2173.35	1445
2171.75	1476
2170.16	1461
2168.56	1490
2166.97	1432
2165.37	1499
2163.77	1488
2162.17	1519
2160.58	1483
2158.98	1488
2157.38	1514
2155.78	1496
2154.17	1504
2152.57	1530
2150.97	1506
2149.37	1519
2147.76	1506
2146.16	1506
2144.56	1517
2142.95	1537
2141.34	1510
2139.74	1527
2138.13	1559
2136.52	1535
2134.91	1577
2133.31	1531
2131.7	1548
2130.09	1578
2128.48	1558
2126.86	1587
2125.25	1564
2123.64	1588
2122.03	1577
2120.41	1615
2118.8	1536
2117.18	1620
2115.57	1566
2113.95	1603
2112.34	1620
2110.72	1584
2109.1	1590
2107.48	1619
2105.86	1612
2104.25	1626
2102.63	1594
2101	1585
2099.38	1610
2097.76	1656
2096.14	1603
2094.52	1639
2092.89	1637
2091.27	1651
2089.64	1622
2088.02	1618
2086.39	1646
2084.76	1611
2083.14	1644
2081.51	1653
2079.88	1653
2078.25	1659
2076.62	1668
2074.99	1658
2073.36	1657
2071.73	1695
2070.1	1708
2068.46	1696
2066.83	1749
2065.2	1701
2063.56	1740
2061.93	1706
2060.29	1774
2058.65	1737
2057.02	1685
2055.38	1696
2053.74	1709
2052.1	1691
2050.46	1745
2048.82	1753
2047.18	1726
2045.54	1727
2043.9	1718
2042.26	1759
2040.61	1741
2038.97	1775
2037.33	1742
2035.68	1791
2034.04	1774
2032.39	1753
2030.74	1762
2029.1	1789
2027.45	1768
2025.8	1795
2024.15	1775
2022.5	1785
2020.85	1727
2019.2	1782
2017.55	1816
2015.89	1798
2014.24	1821
2012.59	1828
2010.93	1821
2009.28	1846
2007.62	1795
2005.97	1801
2004.31	1838
2002.65	1849
2001	1837
1999.34	1898
1997.68	1857
1996.02	1899
1994.36	1885
1992.7	1895
1991.04	1897
1989.38	1861
1987.71	1898
1986.05	1853
1984.39	1936
1982.72	1965
1981.06	1949
1979.39	1937
1977.72	1971
1976.06	1976
1974.39	2007
1972.72	1951
1971.05	1967
1969.38	2028
1967.71	2020
1966.04	2026
1964.37	2020
1962.7	2096
1961.03	2032
1959.35	2082
1957.68	2043
1956	2058
1954.33	2094
1952.65	2092
1950.98	2097
1949.3	2076
1947.62	2085
1945.94	2091
1944.27	2100
1942.59	2073
1940.91	2146
1939.23	2125
1937.54	2086
1935.86	2136
1934.18	2151
1932.5	2183
1930.81	2119
1929.13	2129
1927.44	2156
1925.76	2172
1924.07	2154
1922.39	2174
1920.7	2179
1919.01	2174
1917.32	2180
1915.63	2183
1913.94	2191
1912.25	2182
1910.56	2193
1908.87	2194
1907.17	2200
1905.48	2260
1903.79	2185
1902.09	2197
1900.4	2215
1898.7	2294
1897.01	2254
1895.31	2229
1893.61	2255
1891.91	2298
1890.21	2331
1888.51	2275
1886.81	2351
1885.11	2306
1883.41	2371
1881.71	2384
1880.01	2350
1878.3	2344
1876.6	2345
1874.9	2362
1873.19	2370
1871.48	2393
1869.78	2394
1868.07	2357
1866.36	2355
1864.65	2389
1862.95	2383
1861.24	2419
1859.53	2467
1857.81	2470
1856.1	2449
1854.39	2436
1852.68	2498
1850.96	2468
1849.25	2493
1847.54	2525
1845.82	2540
1844.1	2503
1842.39	2504
1840.67	2547
1838.95	2561
1837.23	2540
1835.51	2566
1833.79	2560
1832.07	2572
1830.35	2619
1828.63	2582
1826.91	2651
1825.18	2654
1823.46	2632
1821.74	2674
1820.01	2665
1818.29	2694
1816.56	2671
1814.83	2672
1813.1	2717
1811.38	2765
1809.65	2759
1807.92	2764
1806.19	2734
1804.46	2733
1802.73	2771
1800.99	2822
1799.26	2772
1797.53	2801
1795.79	2813
1794.06	2852
1792.32	2801
1790.59	2806
1788.85	2851
1787.11	2873
1785.37	2882
1783.64	2917
1781.9	2891
1780.16	2942
1778.42	2929
1776.67	2965
1774.93	2999
1773.19	2998
1771.45	2975
1769.7	2977
1767.96	3023
1766.21	3038
1764.47	3039
1762.72	3040
1760.97	3061
1759.23	3094
1757.48	3059
1755.73	3140
1753.98	3084
1752.23	3163
1750.48	3167
1748.73	3180
1746.97	3140
1745.22	3222
1743.47	3242
1741.71	3228
1739.96	3224
1738.2	3218
1736.44	3241
1734.69	3279
1732.93	3294
1731.17	3302
1729.41	3389
1727.65	3361
1725.89	3402
1724.13	3367
1722.37	3379
1720.61	3369
1718.85	3459
1717.08	3409
1715.32	3502
1713.55	3524
1711.79	3491
1710.02	3544
1708.25	3527
1706.49	3565
1704.72	3606
1702.95	3628
1701.18	3614
1699.41	3692
1697.64	3721
1695.87	3755
1694.09	3708
1692.32	3747
1690.55	3786
1688.77	3823
1687	3820
1685.22	3842
1683.45	3910
1681.67	3831
1679.89	3900
1678.11	3850
1676.34	3943
1674.56	3911
1672.78	3938
1671	4010
1669.21	4059
1667.43	3994
1665.65	4058
1663.86	4143
1662.08	4035
1660.3	4138
1658.51	4085
1656.72	4097
1654.94	4128
1653.15	4206
1651.36	4125
1649.57	4111
1647.78	4155
1645.99	4084
1644.2	4193
1642.41	4139
1640.62	4170
1638.82	4176
1637.03	4124
1635.24	4147
1633.44	4124
1631.65	4109
1629.85	4196
1628.05	4120
1626.25	4148
1624.46	4160
1622.66	4069
1620.86	4156
1619.06	4098
1617.26	4186
1615.45	4162
1613.65	4151
1611.85	4144
1610.04	4179
1608.24	4189
1606.43	4197
1604.63	4190
1602.82	4148
1601.02	4194
1599.21	4261
1597.4	4215
1595.59	4193
1593.78	4172
1591.97	4189
1590.16	4247
1588.35	4228
1586.53	4189
1584.72	4212
1582.91	4309
1581.09	4228
1579.28	4206
1577.46	4267
1575.64	4274
1573.82	4269
1572.01	4302
1570.19	4329
1568.37	4286
1566.55	4273
1564.73	4373
1562.91	4329
1561.08	4291
1559.26	4295
1557.44	4359
1555.61	4267
1553.79	4285
1551.96	4322
1550.14	4294
1548.31	4252
1546.48	4300
1544.65	4287
1542.82	4305
1540.99	4289
1539.16	4342
1537.33	4326
1535.5	4270
1533.67	4255
1531.83	4317
1530	4319
1528.16	4275
1526.33	4271
1524.49	4264
1522.66	4323
1520.82	4286
1518.98	4298
1517.14	4246
1515.3	4308
1513.46	4278
1511.62	4241
1509.78	4297
1507.94	4285
1506.09	4238
1504.25	4277
1502.41	4273
1500.56	4329
1498.71	4285
1496.87	4295
1495.02	4319
1493.17	4345
1491.32	4347
1489.47	4321
1487.63	4368
1485.77	4354
1483.92	4383
1482.07	4368
1480.22	4393
1478.36	4438
1476.51	4417
1474.66	4510
1472.8	4464
1470.94	4527
1469.09	4477
1467.23	4527
1465.37	4571
1463.51	4600
1461.65	4568
1459.79	4615
1457.93	4632
1456.07	4658
1454.2	4642
1452.34	4560
1450.48	4620
1448.61	4694
1446.75	4669
1444.88	4625
1443.01	4614
1441.14	4588
1439.28	4539
1437.41	4601
1435.54	4589
1433.67	4499
1431.8	4574
1429.92	4594
1428.05	4523
1426.18	4487
1424.3	4460
1422.43	4469
1420.55	4503
1418.68	4472
1416.8	4480
1414.92	4474
1413.04	4453
1411.17	4416
1409.29	4434
1407.41	4428
1405.52	4345
1403.64	4413
1401.76	4392
1399.88	4373
1397.99	4350
1396.11	4359
1394.22	4361
1392.34	4376
1390.45	4323
1388.56	4331
1386.67	4428
1384.78	4381
1382.89	4322
1381	4314
1379.11	4292
1377.22	4368
1375.33	4321
1373.43	4329
1371.54	4361
1369.65	4352
1367.75	4400
1365.85	4333
1363.96	4457
1362.06	4399
1360.16	4396
1358.26	4428
1356.36	4427
1354.46	4495
1352.56	4440
1350.66	4550
1348.75	4544
1346.85	4502
1344.95	4440
1343.04	4458
1341.14	4537
1339.23	4502
1337.32	4517
1335.42	4514
1333.51	4543
1331.6	4549
1329.69	4553
1327.78	4573
1325.86	4577
1323.95	4636
1322.04	4685
1320.13	4595
1318.21	4613
1316.3	4721
1314.38	4652
1312.46	4703
1310.55	4784
1308.63	4857
1306.71	4787
1304.79	4794
1302.87	4758
1300.95	4870
1299.03	4875
1297.1	4846
1295.18	4951
1293.26	4955
1291.33	4949
1289.41	4932
1287.48	4987
1285.55	4922
1283.63	5056
1281.7	5133
1279.77	5012
1277.84	5042
1275.91	5085
1273.98	5008
1272.05	5019
1270.11	5102
1268.18	5057
1266.24	5145
1264.31	5068
1262.37	5126
1260.44	5007
1258.5	5045
1256.56	5041
1254.62	4980
1252.68	5029
1250.74	5028
1248.8	5035
1246.86	4979
1244.92	4928
1242.98	4915
1241.03	4876
1239.09	4814
1237.14	4790
1235.2	4790
1233.25	4788
1231.3	4736
1229.35	4645
1227.4	4559
1225.45	4485
1223.5	4514
1221.55	4442
1219.6	4515
1217.65	4414
1215.69	4381
1213.74	4347
1211.78	4227
1209.83	4268
1207.87	4257
1205.91	4199
1203.96	4206
1202	4136
1200.04	4064
1198.08	4063
1196.12	4026
1194.15	4017
1192.19	4034
1190.23	4026
1188.26	3946
1186.3	4007
1184.33	3963
1182.37	3909
1180.4	3919
1178.43	3917
1176.46	3914
1174.49	3904
1172.52	3887
1170.55	3876
1168.58	3889
1166.61	3845
1164.64	3878
1162.66	3904
1160.69	3938
1158.71	3845
1156.73	3871
1154.76	3865
1152.78	3922
1150.8	3821
1148.82	3849
1146.84	3884
1144.86	3883
1142.88	3861
1140.9	3865
1138.91	3831
1136.93	3896
1134.95	3882
1132.96	3875
1130.97	3919
1128.99	3950
1127	3950
1125.01	3869
1123.02	3890
1121.03	3894
1119.04	3901
1117.05	3911
1115.06	3863
1113.07	3875
1111.07	3843
1109.08	3967
1107.08	3954
1105.09	3916
1103.09	3886
1101.09	3926
1099.09	3960
1097.09	3905
1095.09	3904
1093.09	3973
1091.09	3983
1089.09	3928
1087.09	3943
1085.08	3904
1083.08	3889
1081.07	3878
1079.07	3912
1077.06	3952
1075.05	3904
1073.04	3889
1071.03	3921
1069.02	3946
1067.01	3948
1065	3876
1062.99	3933
1060.98	3851
1058.96	3881
1056.95	3812
1054.93	3832
1052.92	3867
1050.9	3882
1048.88	3857
1046.86	3838
1044.84	3836
1042.82	3778
1040.8	3831
1038.78	3881
1036.76	3773
1034.74	3776
1032.71	3769
1030.69	3730
1028.66	3773
1026.64	3749
1024.61	3714
1022.58	3713
1020.55	3713
1018.52	3723
1016.49	3735
1014.46	3713
1012.43	3761
1010.4	3623
1008.36	3702
1006.33	3678
1004.29	3681
1002.26	3773
1000.22	3674
998.184	3703
996.146	3681
994.108	3737
992.068	3691
990.028	3755
987.986	3776
985.944	3731
983.901	3721
981.858	3712
979.813	3740
977.768	3756
975.722	3776
973.675	3825
971.627	3798
969.579	3808
967.53	3850
965.48	3796
963.429	3807
961.377	3827
959.325	3894
957.273	3839
955.218	3872
953.163	3862
951.108	3892
949.051	3903
946.994	3872
944.936	3818
942.878	3861
940.818	3892
938.758	3854
936.697	3840
934.634	3911
932.572	3945
930.509	3932
928.444	3837
926.379	3930
924.313	3860
922.246	3879
920.179	3922
918.111	3863
916.041	3901
913.972	3910
911.901	3888
909.829	3835
907.757	3888
905.684	3907
903.61	3843
901.535	3858
899.46	3842
897.383	3882
895.306	3844
893.228	3836
891.149	3849
889.069	3843
886.989	3891
884.908	3880
882.826	3942
880.743	3839
878.659	3888
876.575	3862
874.49	3980
872.403	3963
870.317	3962
868.229	3976
866.141	3931
864.051	3938
861.961	3986
859.87	4015
857.779	3996
855.685	4006
853.592	4005
851.498	3997
849.403	3986
847.307	4018
845.211	3979
843.113	3927
841.015	3987
838.916	4013
836.816	4041
834.715	3992
832.613	4052
830.511	4024
828.408	4007
826.304	3987
824.199	3956
822.093	3952
819.987	3960
817.879	3944
815.771	3958
813.663	3936
811.553	3862
809.442	3904
807.331	3862
805.218	3873
803.105	3944
800.992	3879
798.877	3894
796.761	3881
794.645	3901
792.527	3870
790.41	3914
788.291	3943
786.171	3841
784.051	3901
781.929	3859
779.807	3899
777.684	3892
775.56	3923
773.436	3979
771.31	4040
769.184	3978
767.057	3968
764.929	3990
762.8	3998
760.67	4054
758.54	4051
756.409	4044
754.277	4025
752.143	4083
750.01	4053
747.875	4078
745.74	4072
743.603	4043
741.466	4138
739.328	4095
737.189	4059
735.049	4040
732.909	4158
730.768	4029
728.626	4116
726.483	4124
724.339	4060
722.194	4121
720.049	4083
717.903	4098
715.755	4108
713.607	4074
711.458	4069
709.308	4014
707.158	4051
705.007	4044
702.855	4057
700.701	3987
698.548	3915
696.393	3942
694.237	3952
692.081	3931
689.923	3908
687.765	3954
685.606	3965
683.446	3966
681.286	3928
679.124	3934
676.962	3957
674.798	3889
672.635	3931
670.469	3890
668.304	3881
666.137	3961
663.969	3931
661.801	3950
659.632	3949
657.462	3961
655.291	3975
653.119	3976
650.947	3975
648.773	3975
646.599	4011
644.424	4024
642.248	4022
640.071	4054
637.893	4030
635.714	4110
633.535	4134
631.354	4043
629.173	4051
626.992	4037
624.809	4057
622.625	4079
620.44	4104
618.255	4174
616.069	4041
613.882	4131
611.694	4096
609.505	4122
607.315	4057
605.124	4041
602.933	4046
600.741	4032
598.548	4087
596.354	4075
594.158	4085
591.963	4185
589.766	4038
587.569	4092
585.37	4036
583.171	4105
580.971	4105
578.769	4083
576.569	4142
574.365	4160
572.161	4141
569.957	4195
567.752	4126
565.545	4207
563.339	4138
561.13	4167
558.922	4218
556.712	4169
554.502	4144
552.291	4177
550.078	4250
547.865	4185
545.651	4221
543.436	4186
541.22	4189
539.004	4221
536.787	4309
534.568	4263
532.349	4325
530.128	4323
527.907	4335
525.686	4361
523.463	4262
521.239	4329
519.015	4302
516.789	4306
514.563	4337
512.335	4349
510.107	4321
507.879	4371
505.648	4335
503.418	4331
501.186	4307
498.954	4261
496.721	4320
494.486	4320
492.251	4212
490.015	4284
487.778	4399
485.541	4326
483.302	4268
481.063	4302
478.822	4312
476.581	4324
474.338	4277
472.096	4334
469.851	4311
467.607	4324
465.361	4304
463.114	4311
460.867	4315
458.618	4374
456.369	4414
454.119	4394
451.868	4440
449.616	4426
447.363	4435
445.11	4471
442.854	4505
440.599	4476
438.343	4527
436.085	4498
433.827	4524
431.568	4553
429.308	4578
427.047	4560
424.786	4579
422.522	4586
420.259	4667
417.994	4685
415.729	4638
413.463	4644
411.196	4659
408.927	4650
406.658	4717
404.389	4661
402.118	4670
399.846	4728
397.573	4657
395.3	4779
393.025	4727
390.75	4711
388.474	4792
386.196	4647
383.919	4748
381.64	4734
379.36	4788
377.08	4820
374.798	4770
372.515	4764
370.231	4815
367.947	4846
365.662	4760
363.376	4851
361.089	4862
358.801	4848
356.511	4861
354.222	4934
351.931	4944
349.639	4929
347.347	4992
345.053	4909
342.759	4999
340.463	5046
338.167	5019
335.871	5024
333.572	4991
331.273	5006
328.974	5023
326.673	5040
324.371	5028
322.068	5104
319.765	5087
317.46	5156
315.154	5160
312.849	5256
310.541	5204
308.233	5232
305.924	5282
303.614	5288
301.303	5316
298.992	5404
296.679	5386
294.365	5385
292.051	5478
289.734	5442
287.418	5510
285.101	5591
282.783	5573
280.463	5657
278.144	5631
275.822	5747
273.5	5718
271.178	5843
268.853	5835
266.529	5960
264.203	5984
261.876	6015
259.548	6132
257.22	6156
254.891	6202
252.561	6356
250.229	6452
247.897	6474
245.564	6510
243.23	6729
240.895	6878
238.559	6852
236.222	6955
233.884	7109
231.545	7107
229.206	7143
226.865	7296
224.524	7410
222.181	7443
219.838	7544
217.493	7868
215.148	7942
212.802	7879
210.455	8128
208.106	8384
205.758	8508
203.407	8629
201.056	8836
198.705	9108
196.351	9260
193.997	9342
191.643	9501
189.288	9584
186.931	9830
184.574	9942
182.214	9955
179.855	10087
177.495	10260
175.134	10385
172.771	10705
170.408	10924
168.044	10992
165.679	11142
163.312	11249
160.946	11743
158.578	11868
156.208	12090
153.838	11987
151.468	12173
149.097	12392
146.724	12488
144.349	12873
141.975	12994
139.599	13225
137.223	13464
134.846	13812
132.467	13963
130.088	14427
127.707	14593
125.326	14842
122.944	15142
120.56	15470
118.177	16116
115.791	16661
113.405	17403
111.018	17853
108.63	18207
106.241	18678
103.851	19719
101.46	20712
99.0686	21581
96.675	22582
94.2815	23611
91.8872	24864
89.4909	26398
87.0947	28305
84.6966	29841
82.2976	31850
79.8987	34446
77.4979	37367
75.0962	41081
72.6935	45593
70.29	51861
67.8855	61435
65.4801	64524
63.0739	64524
60.6667	64524
58.2586	64524
55.8495	64524
53.4386	64524
51.0278	64524
48.616	64524
46.2023	64524
43.7887	64524
41.3732	64524
38.9568	64524
36.5404	64524
34.1222	64524
31.703	64524
29.2829	64524
26.8618	64524
24.4399	64524
22.017	64524
19.5932	64524
17.1685	64524
14.7429	64524
12.3153	64524
9.88782	64524
7.4594	64524
5.02907	64524
2.5988	64524
0.166609	64524
-2.26552	64524
-4.69956	64524
-7.13454	64524
-9.57045	64524
-12.0063	64524
-14.4441	64524
-16.8828	64524
-19.3224	64524
-21.763	64524
-24.2045	64524
-26.6479	64524
-29.0913	64524
-31.5356	64524
-33.9808	64524
-36.428	64524
-38.8751	64524
-41.3241	64524
-43.7731	64524
-46.224	64524
-48.6749	64524
-51.1277	64524
-53.5814	64524
-56.0361	64524
-58.4907	64524
-60.9473	64524
-63.4048	64524
-65.8633	61477
-68.3227	54128
-70.783	48134
-73.2453	42961
-75.7075	38642
-78.1707	34801
-80.6348	31092
-83.1009	27871
-85.5669	25107
-88.0349	22773
-90.5028	20595
-92.9727	18606
-95.4425	16772
-97.9143	15364
-100.387	14017
-102.861	12856
-105.334	11671
-107.81	11022
-110.286	10412
-112.764	9723
-115.242	8988
-117.722	8320
-120.203	7573
-122.684	6798
-125.167	6134
-127.65	5416
-130.135	5034
-132.62	4863
-135.106	4585
-137.594	4361
-140.082	4102
-142.572	3701
-145.063	3268
-147.554	2813
-150.047	2565
-152.541	2423
-155.036	2327
-157.532	2192
-160.028	2067
-162.526	1919
-165.025	1736
-167.525	1592
-170.025	1490
-172.527	1436
-175.029	1390
-177.534	1330
-180.038	1174
-182.544	1129
-185.051	1088
-187.559	1025
-190.068	1025
-192.577	983
-195.089	937
-197.6	912
-200.113	893
-202.628	931
-205.143	852
-207.659	851
-210.176	850
-212.694	817
-215.213	824
-217.734	800
-220.255	792
-222.777	783
-225.3	765
-227.824	740
-230.349	718
-232.876	700
-235.403	698
-237.932	683
-240.461	702
-242.992	659
-245.523	648
-248.056	651
-250.589	636
-253.124	613
-255.66	594
-258.197	626
-260.734	584
-263.273	602
-265.813	609
-268.354	577
-270.896	595
-273.439	570
-275.982	529
-278.527	531
-281.074	533
-283.621	512
-286.169	513
-288.718	497
-291.269	498
-293.82	481
-296.372	498
-298.925	437
-301.48	487
-304.035	461
-306.592	467
-309.15	457
-311.708	461
-314.268	418
-316.828	417
-319.39	432
-321.953	415
-324.517	417
-327.082	389
-329.648	407
-332.215	396
-334.783	408
-337.352	395
-339.922	361
-342.493	378
-345.066	364
-347.639	362
-350.213	376
-352.789	375
-355.365	387
-357.943	362
-360.521	367
-363.101	350
-365.681	334
-368.263	344
-370.847	329
-373.431	336
-376.015	329
-378.601	293
-381.188	320
-383.777	345
-386.366	304
-388.956	333
-391.548	321
-394.14	308
-396.733	305
-399.328	294
-401.923	291
-404.521	299
-407.118	298
-409.717	283
-412.317	285
-414.918	302
-417.52	288
-420.123	301
-422.727	268
-425.332	283
-427.939	259
-430.546	282
-433.155	269
-435.764	276
-438.374	264
-440.986	264
-443.599	261
-446.213	269
-448.828	244
-451.444	260
-454.061	248
-456.68	259
-459.299	251
-461.919	242
-464.54	240
-467.163	260
-469.786	250
-472.411	252
-475.037	251
-477.663	256
-480.292	234
-482.92	243
-485.551	238
-488.182	246
-490.814	238
-493.447	215
-496.082	226
-498.717	213
-501.354	225
-503.992	221
-506.63	220
-509.27	213
-511.911	229
-514.553	239
-517.197	203
-519.841	222
-522.486	231
-525.133	215
-527.78	220
-530.429	220
-533.078	219
-535.729	214
-538.381	206
-541.034	208
-543.688	218
-546.343	216
-548.999	205
-551.657	221
-554.316	220
-556.975	219
-559.636	218
-562.297	211
-564.961	209
-567.625	216
-570.29	212
-572.956	195
-575.623	210
-578.292	203
-580.961	216
-583.632	220
-586.303	218
-588.976	195
-591.65	224
-594.326	206
-597.002	206
-599.679	211
-602.358	208
-605.037	202
-607.718	217
-610.399	207
-613.082	220
-615.767	210
-618.452	211
-621.138	227
-623.825	218
-626.514	222
-629.203	239
-631.893	214
-634.586	238
-637.278	231
-639.973	219
-642.667	234
-645.364	209
-648.061	215
-650.76	220
-653.46	212
-656.16	221
-658.862	227
-661.566	242
-664.269	228
-666.974	218
-669.681	239
-672.389	226
-675.097	227
-677.807	232
-680.518	239
-683.23	216
-685.943	233
-688.658	224
-691.373	208
-694.089	228
-696.807	224
-699.526	245
-702.245	236
-704.966	214
-707.689	232
-710.412	214
-713.136	229
-715.863	222
-718.589	227
-721.317	214
-724.046	217
-726.776	233
-729.508	233
-732.24	206
-734.974	217
-737.709	215
-740.444	225
-743.182	215
-745.919	217
-748.659	223
-751.399	228
-754.141	229
-756.883	220
-759.627	229
-762.372	228
-765.119	242
-767.866	221
-770.615	234
-773.365	231
-776.115	226
-778.867	237
-781.62	231
-784.375	239
-787.13	230
-789.886	227
-792.644	243
-795.402	232
-798.162	234
-800.924	235
-803.686	206
-806.449	210
-809.215	234
-811.98	223
-814.747	220
-817.516	223
-820.284	225
-823.054	245
-825.827	250
-828.599	208
-831.373	242
-834.149	217
-836.924	231
-839.702	219
-842.48	204
-845.26	217
-848.042	231
-850.823	236
-853.606	228
-856.391	230
-859.177	217
-861.963	228
-864.751	230
-867.54	236
-870.331	225
-873.122	233
-875.915	234
-878.709	217
-881.504	230
-884.3	221
-887.097	209
-889.895	221
-892.695	219
-895.496	207
-898.298	219
-901.101	221
-903.905	225
-906.711	210
-909.518	220
-912.325	236
-915.134	213
-917.945	241
-920.756	197
-923.569	224
-926.383	212
-929.198	221
-932.013	209
-934.831	231
-937.649	202
-940.47	220
-943.29	231
-946.113	235
-948.936	220
-951.761	219
-954.586	226
-957.413	206
-960.242	250
-963.07	222
-965.901	222
-968.733	225
-971.565	241
-974.399	229
-977.235	215
-980.072	229
-982.908	229
-985.747	233
-988.588	217
-991.429	248
-994.271	233
-997.115	235
-999.96	247
-1002.81	229
-1005.65	228
-1008.5	237
-1011.35	240
-1014.2	224
-1017.05	225
-1019.91	234
-1022.76	249
-1025.62	244
-1028.47	232
-1031.33	235
-1034.19	235
-1037.05	239
-1039.91	238
-1042.78	240
-1045.64	260
-1048.51	230
-1051.37	236
-1054.24	245
-1057.11	248
-1059.98	254
-1062.85	263
-1065.72	248
-1068.6	235
-1071.47	266
-1074.35	257
-1077.23	248
-1080.11	248
-1082.99	270
-1085.87	277
-1088.75	277
-1091.63	270
-1094.52	262
-1097.4	271
-1100.29	251
-1103.18	269
-1106.07	271
-1108.96	291
-1111.85	300
-1114.75	276
-1117.64	305
-1120.54	290
-1123.43	294
-1126.33	294
-1129.23	296
-1132.13	329
-1135.03	317
-1137.94	317
-1140.84	335
-1143.75	346
-1146.65	327
-1149.56	333
-1152.47	325
-1155.38	352
-1158.3	359
-1161.21	366
-1164.12	393
-1167.04	379
-1169.96	404
-1172.87	416
-1175.79	429
-1178.71	463
-1181.64	530
-1184.56	570
-1187.48	614
-1190.41	731
-1193.33	798
-1196.26	899
-1199.19	991
-1202.12	1109
-1205.06	1234
-1207.99	1423
-1210.92	1670
-1213.86	1826
-1216.8	2015
-1219.73	2171
-1222.67	2418
-1225.61	2623
-1228.55	2905
-1231.5	3232
-1234.44	3754
-1237.39	4301
-1240.33	4850
-1243.28	5863
-1246.23	7990
-1249.18	9707
-1252.14	11085
-1255.09	12481
-1258.04	14328
-1261	15201
-1263.96	16464
-1266.91	16559
-1269.87	14537
-1272.83	13472
-1275.8	11483
-1278.76	9912
-1281.72	7696
-1284.69	5197
-1287.66	3312
-1290.62	2044
-1293.59	1482
-1296.57	1346
-1299.54	1009
-1302.51	852
-1305.49	778
-1308.46	733
-1311.44	687
-1314.42	697
-1317.4	630
-1320.38	611
-1323.36	595
-1326.34	576
-1329.33	585
-1332.32	567
-1335.3	580
-1338.29	592
-1341.28	572
-1344.27	581
-1347.27	548
-1350.26	546
-1353.26	556
-1356.25	552
-1359.25	543
-1362.25	534
-1365.25	513
-1368.25	482
-1371.25	480
-1374.26	456
-1377.26	455
-1380.27	423
-1383.28	399
-1386.29	380
-1389.3	358
-1392.31	318
