2745.96	444
2744.58	428
2743.19	432
2741.81	418
2740.42	452
2739.03	434
2737.64	452
2736.25	442
2734.86	471
2733.47	468
2732.08	473
2730.69	456
2729.3	473
2727.91	452
2726.51	458
2725.12	473
2723.73	476
2722.33	455
2720.94	462
2719.54	491
2718.15	467
2716.75	492
2715.35	488
2713.96	471
2712.56	480
2711.16	486
2709.76	468
2708.36	482
2706.96	494
2705.56	466
2704.16	481
2702.76	484
2701.36	467
2699.96	459
2698.56	529
2697.15	509
2695.75	506
2694.34	496
2692.94	524
2691.53	513
2690.13	527
2688.72	519
2687.31	508
2685.91	522
2684.5	523
2683.09	536
2681.68	516
2680.27	510
2678.86	523
2677.45	526
2676.04	520
2674.63	530
2673.22	527
2671.81	534
2670.39	541
2668.98	510
2667.57	533
2666.15	502
2664.74	521
2663.32	525
2661.91	533
2660.49	535
2659.07	535
2657.65	543
2656.24	537
2654.82	533
2653.4	540
2651.98	568
2650.56	554
2649.14	545
2647.72	555
2646.3	578
2644.87	574
2643.45	565
2642.03	557
2640.61	562
2639.18	575
2637.76	561
2636.33	587
2634.91	603
2633.48	591
2632.05	592
2630.62	599
2629.2	598
2627.77	582
2626.34	582
2624.91	582
2623.48	586
2622.05	583
2620.62	617
2619.19	615
2617.76	577
2616.32	611
2614.89	604
2613.46	619
2612.02	626
2610.59	599
2609.15	628
2607.72	598
2606.28	596
2604.85	601
2603.41	604
2601.97	602
2600.53	623
2599.09	620
2597.65	617
2596.22	602
2594.78	637
2593.33	652
2591.89	632
2590.45	625
2589.01	635
2587.57	629
2586.12	626
2584.68	658
2583.23	643
2581.79	638
2580.34	657
2578.9	691
2577.45	639
2576	668
2574.56	659
2573.11	657
2571.66	650
2570.21	658
2568.76	670
2567.31	636
2565.86	679
2564.41	665
2562.96	681
2561.51	685
2560.05	718
2558.6	668
2557.15	687
2555.69	677
2554.24	655
2552.78	705
2551.32	678
2549.87	680
2548.41	679
2546.95	712
2545.5	693
2544.04	713
2542.58	720
2541.12	738
2539.66	722
2538.2	701
2536.74	711
2535.27	722
2533.81	729
2532.35	715
2530.89	713
2529.42	726
2527.96	727
2526.49	733
2525.03	758
2523.56	715
2522.09	723
2520.63	698
2519.16	747
2517.69	735
2516.22	746
2514.75	754
2513.28	737
2511.81	718
2510.34	748
2508.87	755
2507.4	751
2505.93	749
2504.45	761
2502.98	740
2501.51	748
2500.03	792
2498.56	787
2497.08	759
2495.6	764
2494.13	764
2492.65	752
2491.17	752
2489.69	766
2488.22	780
2486.74	768
2485.26	772
2483.78	764
2482.29	801
2480.81	770
2479.33	796
2477.85	798
2476.36	774
2474.88	805
2473.4	793
2471.91	810
2470.43	791
2468.94	813
2467.45	809
2465.97	803
2464.48	795
2462.99	832
2461.5	815
2460.01	827
2458.52	848
2457.03	834
2455.54	820
2454.05	828
2452.56	878
2451.07	860
2449.57	869
2448.08	858
2446.59	856
2445.09	855
2443.6	840
2442.1	849
2440.6	851
2439.11	892
2437.61	866
2436.11	856
2434.61	879
2433.12	888
2431.62	866
2430.12	869
2428.62	864
2427.11	880
2425.61	872
2424.11	861
2422.61	867
2421.1	896
2419.6	860
2418.1	888
2416.59	873
2415.09	896
2413.58	924
2412.07	906
2410.57	926
2409.06	901
2407.55	900
2406.04	920
2404.53	931
2403.02	903
2401.51	915
2400	922
2398.49	894
2396.98	894
2395.46	924
2393.95	938
2392.44	905
2390.92	905
2389.41	951
2387.89	904
2386.38	977
2384.86	907
2383.34	929
2381.82	896
2380.31	932
2378.79	971
2377.27	1246
2375.75	977
2374.23	966
2372.71	966
2371.19	978
2369.66	943
2368.14	979
2366.62	961
2365.09	977
2363.57	993
2362.04	974
2360.52	984
2358.99	995
2357.47	953
2355.94	981
2354.41	993
2352.88	972
2351.35	996
2349.83	957
2348.3	985
2346.77	999
2345.23	982
2343.7	986
2342.17	1017
2340.64	989
2339.1	976
2337.57	995
2336.04	1017
2334.5	1017
2332.97	987
2331.43	978
2329.89	1046
2328.36	1031
2326.82	993
2325.28	1010
2323.74	1019
2322.2	1025
2320.66	1022
2319.12	1029
2317.58	1025
2316.04	1048
2314.5	1045
2312.95	1051
2311.41	1023
2309.87	1055
2308.32	1046
2306.78	1039
2305.23	1050
2303.68	1062
2302.14	1060
2300.59	1089
2299.04	1076
2297.49	1079
2295.94	1067
2294.39	1084
2292.84	1059
2291.29	1068
2289.74	1028
2288.19	1092
2286.64	1068
2285.09	1098
2283.53	1076
2281.98	1078
2280.42	1088
2278.87	1126
2277.31	1099
2275.76	1110
2274.2	1093
2272.64	1080
2271.08	1125
2269.52	1100
2267.96	1103
2266.4	1111
2264.84	1106
2263.28	1095
2261.72	1118
2260.16	1112
2258.6	1108
2257.03	1127
2255.47	1112
2253.9	1135
2252.34	1132
2250.77	1150
2249.21	1104
2247.64	1190
2246.07	1134
2244.51	1110
2242.94	1181
2241.37	1158
2239.8	1175
2238.23	1147
2236.66	1175
2235.09	1153
2233.51	1147
2231.94	1142
2230.37	1214
2228.79	1140
2227.22	1177
2225.65	1202
2224.07	1167
2222.49	1205
2220.92	1204
2219.34	1195
2217.76	1167
2216.18	1202
2214.61	1203
2213.03	1202
2211.45	1196
2209.86	1190
2208.28	1187
2206.7	1220
2205.12	1241
2203.54	1198
2201.95	1221
2200.37	1206
2198.78	1248
2197.2	1213
2195.61	1227
2194.03	1259
2192.44	1243
2190.85	1256
2189.26	1243
2187.67	1228
2186.09	1230
2184.5	1280
2182.9	1282
2181.31	1258
2179.72	1264
2178.13	1277
2176.54	1278
2174.94	1281
2173.35	1277
2171.75	1316
2170.16	1259
2168.56	1289
2166.97	1269
2165.37	1291
2163.77	1294
2162.17	1296
2160.58	1313
2158.98	1275
2157.38	1330
2155.78	1275
2154.17	1308
2152.57	1303
2150.97	1314
2149.37	1283
2147.76	1346
2146.16	1316
2144.56	1336
2142.95	1299
2141.34	1328
2139.74	1321
2138.13	1320
2136.52	1346
2134.91	1350
2133.31	1356
2131.7	1349
2130.09	1356
2128.48	1339
2126.86	1345
2125.25	1386
2123.64	1361
2122.03	1366
2120.41	1330
2118.8	1343
2117.18	1333
2115.57	1349
2113.95	1407
2112.34	1405
2110.72	1394
2109.1	1383
2107.48	1385
2105.86	1380
2104.25	1377
2102.63	1391
2101	1414
2099.38	1383
2097.76	1408
2096.14	1407
2094.52	1378
2092.89	1399
2091.27	1396
2089.64	1426
2088.02	1406
2086.39	1447
2084.76	1424
2083.14	1442
2081.51	1415
2079.88	1491
2078.25	1456
2076.62	1436
2074.99	1431
2073.36	1464
2071.73	1488
2070.1	1466
2068.46	1458
2066.83	1478
2065.2	1494
2063.56	1490
2061.93	1483
2060.29	1505
2058.65	1485
2057.02	1483
2055.38	1507
2053.74	1488
2052.1	1485
2050.46	1507
2048.82	1514
2047.18	1500
2045.54	1484
2043.9	1535
2042.26	1506
2040.61	1547
2038.97	1528
2037.33	1500
2035.68	1508
2034.04	1529
2032.39	1518
2030.74	1534
2029.1	1528
2027.45	1520
2025.8	1561
2024.15	1543
2022.5	1523
2020.85	1532
2019.2	1534
2017.55	1525
2015.89	1526
2014.24	1572
2012.59	1558
2010.93	1561
2009.28	1523
2007.62	1589
2005.97	1610
2004.31	1575
2002.65	1643
2001	1594
1999.34	1627
1997.68	1613
1996.02	1630
1994.36	1654
1992.7	1657
1991.04	1646
1989.38	1651
1987.71	1647
1986.05	1695
1984.39	1697
1982.72	1685
1981.06	1706
1979.39	1658
1977.72	1666
1976.06	1695
1974.39	1715
1972.72	1679
1971.05	1707
1969.38	1771
1967.71	1768
1966.04	1738
1964.37	1792
1962.7	1792
1961.03	1802
1959.35	1776
1957.68	1757
1956	1780
1954.33	1840
1952.65	1805
1950.98	1842
1949.3	1785
1947.62	1822
1945.94	1870
1944.27	1841
1942.59	1839
1940.91	1815
1939.23	1869
1937.54	1837
1935.86	1873
1934.18	1848
1932.5	1848
1930.81	1863
1929.13	1901
1927.44	1891
1925.76	1904
1924.07	1880
1922.39	1904
1920.7	1921
1919.01	1842
1917.32	1936
1915.63	1908
1913.94	1866
1912.25	1881
1910.56	1895
1908.87	1924
1907.17	1924
1905.48	1913
1903.79	1901
1902.09	1904
1900.4	1946
1898.7	1954
1897.01	1945
1895.31	1981
1893.61	2014
1891.91	1993
1890.21	1987
1888.51	1991
1886.81	2013
1885.11	2007
1883.41	2053
1881.71	2042
1880.01	2036
1878.3	2069
1876.6	2060
1874.9	2053
1873.19	2095
1871.48	2018
1869.78	2141
1868.07	2106
1866.36	2085
1864.65	2108
1862.95	2071
1861.24	2147
1859.53	2125
1857.81	2123
1856.1	2180
1854.39	2152
1852.68	2166
1850.96	2145
1849.25	2164
1847.54	2204
1845.82	2170
1844.1	2223
1842.39	2219
1840.67	2224
1838.95	2230
1837.23	2241
1835.51	2262
1833.79	2226
1832.07	2292
1830.35	2281
1828.63	2287
1826.91	2285
1825.18	2297
1823.46	2318
1821.74	2361
1820.01	2288
1818.29	2343
1816.56	2357
1814.83	2365
1813.1	2385
1811.38	2388
1809.65	2398
1807.92	2403
1806.19	2415
1804.46	2435
1802.73	2454
1800.99	2465
1799.26	2438
1797.53	2422
1795.79	2500
1794.06	2453
1792.32	2523
1790.59	2513
1788.85	2485
1787.11	2564
1785.37	2521
1783.64	2592
1781.9	2589
1780.16	2629
1778.42	2572
1776.67	2581
1774.93	2658
1773.19	2637
1771.45	2623
1769.7	2654
1767.96	2695
1766.21	2685
1764.47	2673
1762.72	2714
1760.97	2685
1759.23	2780
1757.48	2789
1755.73	2707
1753.98	2749
1752.23	2813
1750.48	2840
1748.73	2839
1746.97	2808
1745.22	2897
1743.47	2865
1741.71	2884
1739.96	2896
1738.2	2932
1736.44	2895
1734.69	2893
1732.93	2962
1731.17	2984
1729.41	2962
1727.65	2966
1725.89	2979
1724.13	3049
1722.37	3068
1720.61	3049
1718.85	3099
1717.08	3102
1715.32	3157
1713.55	3136
1711.79	3207
1710.02	3166
1708.25	3181
1706.49	3265
1704.72	3194
1702.95	3252
1701.18	3213
1699.41	3293
1697.64	3339
1695.87	3337
1694.09	3314
1692.32	3399
1690.55	3367
1688.77	3352
1687	3479
1685.22	3451
1683.45	3442
1681.67	3530
1679.89	3554
1678.11	3546
1676.34	3496
1674.56	3547
1672.78	3577
1671	3603
1669.21	3633
1667.43	3650
1665.65	3672
1663.86	3625
1662.08	3684
1660.3	3699
1658.51	3667
1656.72	3656
1654.94	3707
1653.15	3680
1651.36	3794
1649.57	3726
1647.78	3792
1645.99	3748
1644.2	3774
1642.41	3785
1640.62	3765
1638.82	3724
1637.03	3750
1635.24	3713
1633.44	3715
1631.65	3659
1629.85	3746
1628.05	3763
1626.25	3727
1624.46	3772
1622.66	3690
1620.86	3651
1619.06	3714
1617.26	3684
1615.45	3752
1613.65	3791
1611.85	3750
1610.04	3713
1608.24	3740
1606.43	3838
1604.63	3756
1602.82	3761
1601.02	3793
1599.21	3786
1597.4	3763
1595.59	3840
1593.78	3827
1591.97	3797
1590.16	3859
1588.35	3832
1586.53	3808
1584.72	3838
1582.91	3853
1581.09	3792
1579.28	3814
1577.46	3898
1575.64	3835
1573.82	3877
1572.01	3934
1570.19	3909
1568.37	3883
1566.55	3908
1564.73	3949
1562.91	3945
1561.08	3911
1559.26	3982
1557.44	3954
1555.61	3933
1553.79	3945
1551.96	3918
1550.14	3963
1548.31	3915
1546.48	3961
1544.65	3889
1542.82	3945
1540.99	3876
1539.16	3872
1537.33	3863
1535.5	3947
1533.67	3855
1531.83	3932
1530	3902
1528.16	3886
1526.33	3850
1524.49	3876
1522.66	3882
1520.82	3915
1518.98	3927
1517.14	3875
1515.3	3818
1513.46	3959
1511.62	3904
1509.78	3854
1507.94	3910
1506.09	3911
1504.25	3870
1502.41	3874
1500.56	3933
1498.71	3901
1496.87	3894
1495.02	3895
1493.17	3939
1491.32	3911
1489.47	3917
1487.63	3921
1485.77	3914
1483.92	3978
1482.07	4036
1480.22	4025
1478.36	4103
1476.51	4057
1474.66	4037
1472.8	4092
1470.94	4131
1469.09	4128
1467.23	4129
1465.37	4215
1463.51	4236
1461.65	4128
1459.79	4170
1457.93	4231
1456.07	4216
1454.2	4270
1452.34	4186
1450.48	4213
1448.61	4178
1446.75	4170
1444.88	4217
1443.01	4207
1441.14	4173
1439.28	4183
1437.41	4097
1435.54	4165
1433.67	4076
1431.8	4135
1429.92	4086
1428.05	4089
1426.18	4081
1424.3	4092
1422.43	4000
1420.55	4005
1418.68	4049
1416.8	4007
1414.92	4052
1413.04	4044
1411.17	4029
1409.29	4033
1407.41	3980
1405.52	3940
1403.64	3924
1401.76	3941
1399.88	3947
1397.99	3942
1396.11	3942
1394.22	3948
1392.34	3947
1390.45	3958
1388.56	3935
1386.67	3973
1384.78	3946
1382.89	3890
1381	3937
1379.11	3964
1377.22	3909
1375.33	3907
1373.43	3849
1371.54	3877
1369.65	3926
1367.75	3949
1365.85	3944
1363.96	3909
1362.06	3961
1360.16	3865
1358.26	3971
1356.36	3994
1354.46	4007
1352.56	4047
1350.66	4061
1348.75	4048
1346.85	4031
1344.95	4038
1343.04	3980
1341.14	4097
1339.23	4052
1337.32	4122
1335.42	4079
1333.51	4110
1331.6	4061
1329.69	4108
1327.78	4089
1325.86	4140
1323.95	4165
1322.04	4175
1320.13	4188
1318.21	4193
1316.3	4214
1314.38	4263
1312.46	4290
1310.55	4244
1308.63	4295
1306.71	4355
1304.79	4392
1302.87	4435
1300.95	4404
1299.03	4374
1297.1	4470
1295.18	4458
1293.26	4414
1291.33	4490
1289.41	4507
1287.48	4471
1285.55	4523
1283.63	4553
1281.7	4541
1279.77	4586
1277.84	4628
1275.91	4556
1273.98	4629
1272.05	4671
1270.11	4607
1268.18	4630
1266.24	4656
1264.31	4621
1262.37	4664
1260.44	4556
1258.5	4583
1256.56	4642
1254.62	4561
1252.68	4566
1250.74	4556
1248.8	4512
1246.86	4461
1244.92	4489
1242.98	4465
1241.03	4402
1239.09	4430
1237.14	4345
1235.2	4329
1233.25	4269
1231.3	4251
1229.35	4195
1227.4	4155
1225.45	4083
1223.5	4059
1221.55	3994
1219.6	4002
1217.65	3908
1215.69	3862
1213.74	3946
1211.78	3793
1209.83	3777
1207.87	3738
1205.91	3661
1203.96	3675
1202	3605
1200.04	3641
1198.08	3551
1196.12	3531
1194.15	3548
1192.19	3527
1190.23	3487
1188.26	3510
1186.3	3482
1184.33	3450
1182.37	3424
1180.4	3436
1178.43	3377
1176.46	3469
1174.49	3383
1172.52	3468
1170.55	3448
1168.58	3385
1166.61	3315
1164.64	3388
1162.66	3404
1160.69	3414
1158.71	3431
1156.73	3360
1154.76	3372
1152.78	3398
1150.8	3349
1148.82	3380
1146.84	3344
1144.86	3382
1142.88	3405
1140.9	3389
1138.91	3442
1136.93	3410
1134.95	3431
1132.96	3433
1130.97	3403
1128.99	3405
1127	3417
1125.01	3394
1123.02	3375
1121.03	3392
1119.04	3401
1117.05	3417
1115.06	3391
1113.07	3376
1111.07	3414
1109.08	3385
1107.08	3397
1105.09	3456
1103.09	3422
1101.09	3439
1099.09	3393
1097.09	3437
1095.09	3392
1093.09	3447
1091.09	3454
1089.09	3431
1087.09	3401
1085.08	3394
1083.08	3384
1081.07	3397
1079.07	3386
1077.06	3381
1075.05	3371
1073.04	3362
1071.03	3351
1069.02	3333
1067.01	3391
1065	3374
1062.99	3389
1060.98	3366
1058.96	3375
1056.95	3370
1054.93	3309
1052.92	3231
1050.9	3291
1048.88	3254
1046.86	3363
1044.84	3255
1042.82	3254
1040.8	3300
1038.78	3287
1036.76	3220
1034.74	3196
1032.71	3209
1030.69	3206
1028.66	3192
1026.64	3230
1024.61	3174
1022.58	3113
1020.55	3161
1018.52	3164
1016.49	3173
1014.46	3109
1012.43	3079
1010.4	3091
1008.36	3128
1006.33	3105
1004.29	3143
1002.26	3096
1000.22	3104
998.184	3116
996.146	3167
994.108	3168
992.068	3134
990.028	3120
987.986	3110
985.944	3106
983.901	3192
981.858	3115
979.813	3104
977.768	3161
975.722	3163
973.675	3150
971.627	3184
969.579	3184
967.53	3235
965.48	3206
963.429	3217
961.377	3270
959.325	3264
957.273	3212
955.218	3205
953.163	3295
951.108	3203
949.051	3196
946.994	3218
944.936	3219
942.878	3218
940.818	3224
938.758	3280
936.697	3249
934.634	3282
932.572	3213
930.509	3216
928.444	3290
926.379	3245
924.313	3215
922.246	3217
920.179	3262
918.111	3253
916.041	3237
913.972	3190
911.901	3201
909.829	3215
907.757	3251
905.684	3227
903.61	3205
901.535	3181
899.46	3212
897.383	3242
895.306	3218
893.228	3199
891.149	3243
889.069	3202
886.989	3181
884.908	3213
882.826	3232
880.743	3244
878.659	3303
876.575	3311
874.49	3251
872.403	3250
870.317	3268
868.229	3320
866.141	3300
864.051	3318
861.961	3297
859.87	3334
857.779	3322
855.685	3286
853.592	3379
851.498	3343
849.403	3287
847.307	3319
845.211	3329
843.113	3324
841.015	3358
838.916	3354
836.816	3306
834.715	3325
832.613	3346
830.511	3327
828.408	3323
826.304	3257
824.199	3279
822.093	3335
819.987	3258
817.879	3234
815.771	3273
813.663	3254
811.553	3308
809.442	3243
807.331	3161
805.218	3241
803.105	3241
800.992	3196
798.877	3262
796.761	3223
794.645	3205
792.527	3259
790.41	3270
788.291	3295
786.171	3236
784.051	3229
781.929	3206
779.807	3239
777.684	3236
775.56	3292
773.436	3307
771.31	3305
769.184	3282
767.057	3324
764.929	3298
762.8	3322
760.67	3339
758.54	3345
756.409	3354
754.277	3345
752.143	3347
750.01	3366
747.875	3429
745.74	3321
743.603	3373
741.466	3370
739.328	3403
737.189	3391
735.049	3321
732.909	3371
730.768	3389
728.626	3374
726.483	3304
724.339	3301
722.194	3346
720.049	3311
717.903	3351
715.755	3304
713.607	3315
711.458	3319
709.308	3252
707.158	3258
705.007	3290
702.855	3264
700.701	3272
698.548	3242
696.393	3263
694.237	3223
692.081	3238
689.923	3254
687.765	3263
685.606	3204
683.446	3182
681.286	3227
679.124	3187
676.962	3220
674.798	3192
672.635	3207
670.469	3198
668.304	3158
666.137	3220
663.969	3196
661.801	3220
659.632	3197
657.462	3265
655.291	3236
653.119	3254
650.947	3240
648.773	3271
646.599	3251
644.424	3340
642.248	3309
640.071	3292
637.893	3278
635.714	3352
633.535	3344
631.354	3391
629.173	3362
626.992	3347
624.809	3352
622.625	3362
620.44	3282
618.255	3327
616.069	3298
613.882	3318
611.694	3281
609.505	3301
607.315	3312
605.124	3307
602.933	3325
600.741	3319
598.548	3353
596.354	3328
594.158	3294
591.963	3311
589.766	3358
587.569	3317
585.37	3344
583.171	3317
580.971	3322
578.769	3359
576.569	3395
574.365	3344
572.161	3389
569.957	3427
567.752	3384
565.545	3352
563.339	3378
561.13	3311
558.922	3374
556.712	3378
554.502	3412
552.291	3371
550.078	3390
547.865	3413
545.651	3449
543.436	3438
541.22	3474
539.004	3439
536.787	3491
534.568	3475
532.349	3567
530.128	3515
527.907	3498
525.686	3510
523.463	3514
521.239	3504
519.015	3596
516.789	3509
514.563	3561
512.335	3587
510.107	3546
507.879	3592
505.648	3575
503.418	3561
501.186	3568
498.954	3529
496.721	3522
494.486	3560
492.251	3503
490.015	3530
487.778	3537
485.541	3529
483.302	3536
481.063	3544
478.822	3497
476.581	3493
474.338	3525
472.096	3566
469.851	3530
467.607	3519
465.361	3581
463.114	3515
460.867	3571
458.618	3597
456.369	3624
454.119	3679
451.868	3608
449.616	3598
447.363	3655
445.11	3664
442.854	3670
440.599	3588
438.343	3681
436.085	3722
433.827	3726
431.568	3693
429.308	3776
427.047	3737
424.786	3781
422.522	3779
420.259	3815
417.994	3786
415.729	3827
413.463	3833
411.196	3836
408.927	3848
406.658	3823
404.389	3852
402.118	3913
399.846	3834
397.573	3884
395.3	3864
393.025	3888
390.75	3899
388.474	3825
386.196	3904
383.919	3866
381.64	3872
379.36	3918
377.08	3947
374.798	3964
372.515	3943
370.231	4014
367.947	3991
365.662	4064
363.376	4018
361.089	3994
358.801	4039
356.511	4082
354.222	4032
351.931	4089
349.639	4053
347.347	4100
345.053	4145
342.759	4174
340.463	4191
338.167	4145
335.871	4184
333.572	4209
331.273	4177
328.974	4222
326.673	4269
324.371	4260
322.068	4185
319.765	4281
317.46	4219
315.154	4267
312.849	4364
310.541	4321
308.233	4371
305.924	4388
303.614	4454
301.303	4466
298.992	4523
296.679	4524
294.365	4480
292.051	4531
289.734	4595
287.418	4604
285.101	4742
282.783	4718
280.463	4716
278.144	4706
275.822	4752
273.5	4837
271.178	4899
268.853	4940
266.529	4971
264.203	5006
261.876	5077
259.548	5166
257.22	5192
254.891	5320
252.561	5335
250.229	5453
247.897	5459
245.564	5490
243.23	5726
240.895	5784
238.559	5775
236.222	5948
233.884	5981
231.545	6057
229.206	6144
226.865	6252
224.524	6350
222.181	6393
219.838	6545
217.493	6772
215.148	6754
212.802	6973
210.455	7137
208.106	7245
205.758	7398
203.407	7485
201.056	7725
198.705	7761
196.351	7895
193.997	8065
191.643	8171
189.288	8287
186.931	8437
184.574	8502
182.214	8773
179.855	8758
177.495	9060
175.134	9197
172.771	9427
170.408	9765
168.044	9877
165.679	9846
163.312	10031
160.946	10312
158.578	10433
156.208	10467
153.838	10511
151.468	10532
149.097	10824
146.724	10919
144.349	11154
141.975	11388
139.599	11682
137.223	12008
134.846	12148
132.467	12397
130.088	12686
127.707	13079
125.326	13214
122.944	13440
120.56	13905
118.177	14429
115.791	14948
113.405	15521
111.018	15774
108.63	16249
106.241	16691
103.851	17508
101.46	18143
99.0686	19189
96.675	20467
94.2815	21620
91.8872	22802
89.4909	24212
87.0947	25733
84.6966	27170
82.2976	29012
79.8987	31231
77.4979	34098
75.0962	37955
72.6935	43051
70.29	49626
67.8855	59690
65.4801	64524
63.0739	64524
60.6667	64524
58.2586	64524
55.8495	64524
53.4386	64524
51.0278	64524
48.616	64524
46.2023	64524
43.7887	64524
41.3732	64524
38.9568	64524
36.5404	64524
34.1222	64524
31.703	64524
29.2829	64524
26.8618	64524
24.4399	64524
22.017	64524
19.5932	64524
17.1685	64524
14.7429	64524
12.3153	64524
9.88782	64524
7.4594	64524
5.02907	64524
2.5988	64524
0.166609	64524
-2.26552	64524
-4.69956	64524
-7.13454	64524
-9.57045	64524
-12.0063	64524
-14.4441	64524
-16.8828	64524
-19.3224	64524
-21.763	64524
-24.2045	64524
-26.6479	64524
-29.0913	64524
-31.5356	64524
-33.9808	64524
-36.428	64524
-38.8751	64524
-41.3241	64524
-43.7731	64524
-46.224	64524
-48.6749	64524
-51.1277	64524
-53.5814	64524
-56.0361	64524
-58.4907	64524
-60.9473	64524
-63.4048	64524
-65.8633	56834
-68.3227	50541
-70.783	44653
-73.2453	39679
-75.7075	35734
-78.1707	32119
-80.6348	28841
-83.1009	26039
-85.5669	23720
-88.0349	21329
-90.5028	19224
-92.9727	17321
-95.4425	15802
-97.9143	14146
-100.387	12817
-102.861	11748
-105.334	10933
-107.81	10315
-110.286	9817
-112.764	9045
-115.242	8454
-117.722	7785
-120.203	6996
-122.684	6259
-125.167	5613
-127.65	5021
-130.135	4667
-132.62	4462
-135.106	4358
-137.594	4185
-140.082	3791
-142.572	3472
-145.063	3043
-147.554	2717
-150.047	2431
-152.541	2262
-155.036	2172
-157.532	2102
-160.028	1947
-162.526	1754
-165.025	1585
-167.525	1504
-170.025	1453
-172.527	1368
-175.029	1293
-177.534	1225
-180.038	1140
-182.544	1065
-185.051	984
-187.559	987
-190.068	955
-192.577	930
-195.089	921
-197.6	886
-200.113	910
-202.628	858
-205.143	839
-207.659	825
-210.176	817
-212.694	805
-215.213	797
-217.734	806
-220.255	739
-222.777	727
-225.3	711
-227.824	709
-230.349	705
-232.876	668
-235.403	652
-237.932	640
-240.461	657
-242.992	627
-245.523	622
-248.056	626
-250.589	630
-253.124	625
-255.66	556
-258.197	563
-260.734	565
-263.273	563
-265.813	547
-268.354	570
-270.896	536
-273.439	539
-275.982	526
-278.527	522
-281.074	497
-283.621	518
-286.169	462
-288.718	499
-291.269	473
-293.82	465
-296.372	457
-298.925	447
-301.48	430
-304.035	431
-306.592	433
-309.15	435
-311.708	414
-314.268	437
-316.828	408
-319.39	403
-321.953	404
-324.517	387
-327.082	395
-329.648	368
-332.215	392
-334.783	362
-337.352	358
-339.922	372
-342.493	348
-345.066	338
-347.639	355
-350.213	351
-352.789	362
-355.365	334
-357.943	347
-360.521	334
-363.101	330
-365.681	349
-368.263	309
-370.847	332
-373.431	331
-376.015	313
-378.601	309
-381.188	307
-383.777	292
-386.366	296
-388.956	299
-391.548	269
-394.14	290
-396.733	284
-399.328	282
-401.923	268
-404.521	295
-407.118	303
-409.717	300
-412.317	261
-414.918	260
-417.52	292
-420.123	268
-422.727	258
-425.332	275
-427.939	238
-430.546	242
-433.155	252
-435.764	257
-438.374	252
-440.986	241
-443.599	237
-446.213	260
-448.828	253
-451.444	242
-454.061	243
-456.68	247
-459.299	242
-461.919	215
-464.54	245
-467.163	224
-469.786	230
-472.411	215
-475.037	236
-477.663	241
-480.292	218
-482.92	239
-485.551	234
-488.182	236
-490.814	231
-493.447	219
-496.082	242
-498.717	233
-501.354	220
-503.992	224
-506.63	204
-509.27	231
-511.911	231
-514.553	218
-517.197	216
-519.841	216
-522.486	206
-525.133	206
-527.78	221
-530.429	198
-533.078	208
-535.729	215
-538.381	201
-541.034	203
-543.688	203
-546.343	230
-548.999	200
-551.657	221
-554.316	214
-556.975	202
-559.636	211
-562.297	210
-564.961	197
-567.625	183
-570.29	199
-572.956	218
-575.623	199
-578.292	207
-580.961	216
-583.632	214
-586.303	197
-588.976	196
-591.65	202
-594.326	194
-597.002	195
-599.679	199
-602.358	208
-605.037	199
-607.718	203
-610.399	198
-613.082	200
-615.767	234
-618.452	202
-621.138	216
-623.825	219
-626.514	200
-629.203	193
-631.893	211
-634.586	204
-637.278	200
-639.973	210
-642.667	205
-645.364	210
-648.061	220
-650.76	208
-653.46	239
-656.16	219
-658.862	217
-661.566	226
-664.269	204
-666.974	196
-669.681	226
-672.389	215
-675.097	213
-677.807	224
-680.518	220
-683.23	205
-685.943	222
-688.658	221
-691.373	224
-694.089	208
-696.807	225
-699.526	209
-702.245	229
-704.966	218
-707.689	214
-710.412	217
-713.136	217
-715.863	207
-718.589	213
-721.317	205
-724.046	207
-726.776	213
-729.508	216
-732.24	195
-734.974	205
-737.709	218
-740.444	219
-743.182	212
-745.919	210
-748.659	209
-751.399	237
-754.141	210
-756.883	212
-759.627	205
-762.372	225
-765.119	231
-767.866	199
-770.615	228
-773.365	227
-776.115	213
-778.867	216
-781.62	224
-784.375	220
-787.13	224
-789.886	205
-792.644	212
-795.402	224
-798.162	218
-800.924	204
-803.686	233
-806.449	228
-809.215	222
-811.98	205
-814.747	220
-817.516	205
-820.284	220
-823.054	219
-825.827	191
-828.599	198
-831.373	209
-834.149	236
-836.924	202
-839.702	240
-842.48	207
-845.26	209
-848.042	216
-850.823	193
-853.606	200
-856.391	208
-859.177	235
-861.963	200
-864.751	205
-867.54	210
-870.331	214
-873.122	208
-875.915	216
-878.709	203
-881.504	205
-884.3	203
-887.097	226
-889.895	210
-892.695	210
-895.496	199
-898.298	216
-901.101	209
-903.905	207
-906.711	199
-909.518	212
-912.325	210
-915.134	201
-917.945	204
-920.756	206
-923.569	196
-926.383	185
-929.198	209
-932.013	206
-934.831	189
-937.649	202
-940.47	213
-943.29	217
-946.113	207
-948.936	209
-951.761	207
-954.586	213
-957.413	225
-960.242	238
-963.07	227
-965.901	208
-968.733	227
-971.565	209
-974.399	225
-977.235	214
-980.072	224
-982.908	232
-985.747	225
-988.588	221
-991.429	219
-994.271	226
-997.115	232
-999.96	219
-1002.81	219
-1005.65	236
-1008.5	237
-1011.35	232
-1014.2	222
-1017.05	210
-1019.91	220
-1022.76	225
-1025.62	230
-1028.47	225
-1031.33	221
-1034.19	222
-1037.05	213
-1039.91	241
-1042.78	233
-1045.64	221
-1048.51	215
-1051.37	221
-1054.24	239
-1057.11	239
-1059.98	221
-1062.85	248
-1065.72	253
-1068.6	252
-1071.47	238
-1074.35	231
-1077.23	230
-1080.11	247
-1082.99	232
-1085.87	243
-1088.75	236
-1091.63	245
-1094.52	236
-1097.4	236
-1100.29	280
-1103.18	280
-1106.07	239
-1108.96	276
-1111.85	274
-1114.75	248
-1117.64	278
-1120.54	268
-1123.43	288
-1126.33	275
-1129.23	278
-1132.13	289
-1135.03	294
-1137.94	286
-1140.84	298
-1143.75	305
-1146.65	311
-1149.56	321
-1152.47	311
-1155.38	317
-1158.3	327
-1161.21	324
-1164.12	341
-1167.04	344
-1169.96	379
-1172.87	368
-1175.79	394
-1178.71	443
-1181.64	454
-1184.56	490
-1187.48	580
-1190.41	665
-1193.33	750
-1196.26	849
-1199.19	937
-1202.12	1028
-1205.06	1159
-1207.99	1351
-1210.92	1481
-1213.86	1651
-1216.8	1810
-1219.73	2034
-1222.67	2234
-1225.61	2547
-1228.55	2844
-1231.5	3167
-1234.44	3523
-1237.39	3941
-1240.33	4426
-1243.28	5352
-1246.23	7162
-1249.18	8624
-1252.14	10195
-1255.09	11783
-1258.04	13220
-1261	14653
-1263.96	14472
-1266.91	14118
-1269.87	12490
-1272.83	11894
-1275.8	10949
-1278.76	8932
-1281.72	6993
-1284.69	5143
-1287.66	3261
-1290.62	1877
-1293.59	1398
-1296.57	1209
-1299.54	940
-1302.51	765
-1305.49	717
-1308.46	671
-1311.44	635
-1314.42	638
-1317.4	619
-1320.38	585
-1323.36	544
-1326.34	570
-1329.33	527
-1332.32	522
-1335.3	519
-1338.29	486
-1341.28	535
-1344.27	538
-1347.27	519
-1350.26	534
-1353.26	529
-1356.25	532
-1359.25	533
-1362.25	496
-1365.25	493
-1368.25	519
-1371.25	460
-1374.26	443
-1377.26	446
-1380.27	419
-1383.28	384
-1386.29	370
-1389.3	322
-1392.31	313
