2745.96	462
2744.58	461
2743.19	448
2741.81	439
2740.42	475
2739.03	463
2737.64	465
2736.25	470
2734.86	502
2733.47	480
2732.08	488
2730.69	499
2729.3	477
2727.91	493
2726.51	496
2725.12	484
2723.73	510
2722.33	529
2720.94	499
2719.54	480
2718.15	490
2716.75	491
2715.35	485
2713.96	520
2712.56	510
2711.16	497
2709.76	506
2708.36	515
2706.96	518
2705.56	497
2704.16	525
2702.76	521
2701.36	522
2699.96	521
2698.56	537
2697.15	525
2695.75	515
2694.34	529
2692.94	531
2691.53	529
2690.13	539
2688.72	546
2687.31	543
2685.91	520
2684.5	561
2683.09	550
2681.68	541
2680.27	556
2678.86	554
2677.45	549
2676.04	575
2674.63	547
2673.22	550
2671.81	551
2670.39	555
2668.98	528
2667.57	528
2666.15	559
2664.74	582
2663.32	564
2661.91	574
2660.49	578
2659.07	550
2657.65	569
2656.24	578
2654.82	575
2653.4	579
2651.98	553
2650.56	565
2649.14	577
2647.72	588
2646.3	584
2644.87	563
2643.45	617
2642.03	607
2640.61	628
2639.18	612
2637.76	618
2636.33	595
2634.91	632
2633.48	614
2632.05	624
2630.62	633
2629.2	616
2627.77	634
2626.34	659
2624.91	648
2623.48	641
2622.05	642
2620.62	635
2619.19	618
2617.76	634
2616.32	629
2614.89	641
2613.46	634
2612.02	641
2610.59	647
2609.15	635
2607.72	649
2606.28	641
2604.85	647
2603.41	648
2601.97	652
2600.53	651
2599.09	661
2597.65	658
2596.22	638
2594.78	650
2593.33	648
2591.89	659
2590.45	661
2589.01	667
2587.57	679
2586.12	660
2584.68	670
2583.23	675
2581.79	684
2580.34	704
2578.9	690
2577.45	685
2576	688
2574.56	686
2573.11	688
2571.66	693
2570.21	681
2568.76	696
2567.31	721
2565.86	694
2564.41	725
2562.96	727
2561.51	714
2560.05	697
2558.6	711
2557.15	703
2555.69	712
2554.24	725
2552.78	753
2551.32	740
2549.87	728
2548.41	706
2546.95	737
2545.5	725
2544.04	716
2542.58	728
2541.12	737
2539.66	777
2538.2	767
2536.74	768
2535.27	764
2533.81	767
2532.35	753
2530.89	774
2529.42	748
2527.96	772
2526.49	784
2525.03	777
2523.56	773
2522.09	754
2520.63	782
2519.16	792
2517.69	801
2516.22	783
2514.75	801
2513.28	789
2511.81	810
2510.34	801
2508.87	784
2507.4	793
2505.93	803
2504.45	801
2502.98	805
2501.51	776
2500.03	809
2498.56	806
2497.08	835
2495.6	797
2494.13	794
2492.65	809
2491.17	805
2489.69	790
2488.22	811
2486.74	833
2485.26	807
2483.78	821
2482.29	865
2480.81	864
2479.33	845
2477.85	828
2476.36	845
2474.88	843
2473.4	854
2471.91	849
2470.43	880
2468.94	851
2467.45	868
2465.97	867
2464.48	851
2462.99	868
2461.5	872
2460.01	850
2458.52	868
2457.03	896
2455.54	874
2454.05	896
2452.56	857
2451.07	890
2449.57	904
2448.08	927
2446.59	912
2445.09	909
2443.6	909
2442.1	918
2440.6	926
2439.11	920
2437.61	899
2436.11	929
2434.61	933
2433.12	919
2431.62	896
2430.12	936
2428.62	963
2427.11	949
2425.61	940
2424.11	956
2422.61	920
2421.1	908
2419.6	957
2418.1	948
2416.59	972
2415.09	962
2413.58	946
2412.07	953
2410.57	982
2409.06	958
2407.55	967
2406.04	985
2404.53	969
2403.02	955
2401.51	985
2400	976
2398.49	937
2396.98	941
2395.46	972
2393.95	1005
2392.44	1004
2390.92	979
2389.41	1021
2387.89	1000
2386.38	977
2384.86	988
2383.34	1000
2381.82	999
2380.31	1006
2378.79	1005
2377.27	1016
2375.75	1028
2374.23	1050
2372.71	1003
2371.19	999
2369.66	1056
2368.14	1008
2366.62	1021
2365.09	1014
2363.57	1032
2362.04	1036
2360.52	1040
2358.99	1025
2357.47	1071
2355.94	1056
2354.41	1060
2352.88	1058
2351.35	1053
2349.83	1072
2348.3	1086
2346.77	1054
2345.23	1045
2343.7	1063
2342.17	1054
2340.64	1059
2339.1	1075
2337.57	1083
2336.04	1050
2334.5	1075
2332.97	1066
2331.43	1126
2329.89	1072
2328.36	1073
2326.82	1094
2325.28	1109
2323.74	1111
2322.2	1100
2320.66	1061
2319.12	1137
2317.58	1101
2316.04	1108
2314.5	1124
2312.95	1115
2311.41	1125
2309.87	1121
2308.32	1124
2306.78	1138
2305.23	1132
2303.68	1129
2302.14	1133
2300.59	1140
2299.04	1161
2297.49	1132
2295.94	1163
2294.39	1139
2292.84	1168
2291.29	1169
2289.74	1150
2288.19	1138
2286.64	1156
2285.09	1162
2283.53	1165
2281.98	1213
2280.42	1161
2278.87	1206
2277.31	1201
2275.76	1193
2274.2	1175
2272.64	1187
2271.08	1185
2269.52	1189
2267.96	1179
2266.4	1220
2264.84	1212
2263.28	1181
2261.72	1199
2260.16	1202
2258.6	1196
2257.03	1210
2255.47	1189
2253.9	1210
2252.34	1241
2250.77	1236
2249.21	1263
2247.64	1213
2246.07	1215
2244.51	1231
2242.94	1268
2241.37	1232
2239.8	1249
2238.23	1234
2236.66	1240
2235.09	1230
2233.51	1280
2231.94	1253
2230.37	1261
2228.79	1250
2227.22	1283
2225.65	1246
2224.07	1289
2222.49	1293
2220.92	1291
2219.34	1278
2217.76	1279
2216.18	1277
2214.61	1309
2213.03	1336
2211.45	1295
2209.86	1292
2208.28	1345
2206.7	1311
2205.12	1314
2203.54	1298
2201.95	1276
2200.37	1315
2198.78	1290
2197.2	1333
2195.61	1335
2194.03	1342
2192.44	1342
2190.85	1351
2189.26	1363
2187.67	1358
2186.09	1365
2184.5	1323
2182.9	1370
2181.31	1398
2179.72	1351
2178.13	1343
2176.54	1342
2174.94	1357
2173.35	1345
2171.75	1388
2170.16	1374
2168.56	1375
2166.97	1371
2165.37	1425
2163.77	1408
2162.17	1433
2160.58	1404
2158.98	1388
2157.38	1427
2155.78	1428
2154.17	1453
2152.57	1368
2150.97	1418
2149.37	1460
2147.76	1420
2146.16	1439
2144.56	1464
2142.95	1437
2141.34	1460
2139.74	1418
2138.13	1454
2136.52	1446
2134.91	1443
2133.31	1454
2131.7	1487
2130.09	1467
2128.48	1515
2126.86	1474
2125.25	1481
2123.64	1488
2122.03	1486
2120.41	1468
2118.8	1501
2117.18	1491
2115.57	1538
2113.95	1517
2112.34	1464
2110.72	1501
2109.1	1472
2107.48	1497
2105.86	1539
2104.25	1506
2102.63	1515
2101	1510
2099.38	1497
2097.76	1548
2096.14	1565
2094.52	1524
2092.89	1553
2091.27	1521
2089.64	1530
2088.02	1567
2086.39	1588
2084.76	1573
2083.14	1577
2081.51	1569
2079.88	1530
2078.25	1568
2076.62	1567
2074.99	1567
2073.36	1577
2071.73	1573
2070.1	1626
2068.46	1602
2066.83	1606
2065.2	1589
2063.56	1559
2061.93	1627
2060.29	1623
2058.65	1605
2057.02	1629
2055.38	1616
2053.74	1638
2052.1	1618
2050.46	1645
2048.82	1611
2047.18	1682
2045.54	1657
2043.9	1627
2042.26	1613
2040.61	1638
2038.97	1637
2037.33	1681
2035.68	1678
2034.04	1641
2032.39	1655
2030.74	1683
2029.1	1651
2027.45	1693
2025.8	1653
2024.15	1710
2022.5	1674
2020.85	1666
2019.2	1683
2017.55	1699
2015.89	1675
2014.24	1705
2012.59	1733
2010.93	1720
2009.28	1724
2007.62	1740
2005.97	1703
2004.31	1699
2002.65	1758
2001	1752
1999.34	1784
1997.68	1768
1996.02	1810
1994.36	1773
1992.7	1798
1991.04	1798
1989.38	1826
1987.71	1769
1986.05	1799
1984.39	1839
1982.72	1817
1981.06	1829
1979.39	1857
1977.72	1838
1976.06	1830
1974.39	1839
1972.72	1873
1971.05	1849
1969.38	1891
1967.71	1927
1966.04	1914
1964.37	1911
1962.7	1951
1961.03	1938
1959.35	1978
1957.68	1941
1956	1946
1954.33	1936
1952.65	1923
1950.98	1935
1949.3	1949
1947.62	1977
1945.94	1972
1944.27	2002
1942.59	1990
1940.91	2011
1939.23	1999
1937.54	1994
1935.86	2015
1934.18	2007
1932.5	1980
1930.81	2034
1929.13	2031
1927.44	2040
1925.76	2036
1924.07	2036
1922.39	2045
1920.7	2058
1919.01	2008
1917.32	2062
1915.63	1998
1913.94	2049
1912.25	2041
1910.56	2062
1908.87	2103
1907.17	2099
1905.48	2087
1903.79	2051
1902.09	2077
1900.4	2128
1898.7	2092
1897.01	2120
1895.31	2154
1893.61	2129
1891.91	2180
1890.21	2160
1888.51	2186
1886.81	2191
1885.11	2165
1883.41	2134
1881.71	2244
1880.01	2203
1878.3	2264
1876.6	2201
1874.9	2227
1873.19	2276
1871.48	2310
1869.78	2218
1868.07	2305
1866.36	2296
1864.65	2246
1862.95	2303
1861.24	2315
1859.53	2301
1857.81	2342
1856.1	2301
1854.39	2348
1852.68	2342
1850.96	2311
1849.25	2355
1847.54	2373
1845.82	2368
1844.1	2399
1842.39	2410
1840.67	2426
1838.95	2381
1837.23	2404
1835.51	2416
1833.79	2431
1832.07	2393
1830.35	2461
1828.63	2478
1826.91	2444
1825.18	2462
1823.46	2499
1821.74	2499
1820.01	2489
1818.29	2518
1816.56	2557
1814.83	2524
1813.1	2590
1811.38	2587
1809.65	2619
1807.92	2607
1806.19	2624
1804.46	2587
1802.73	2602
1800.99	2662
1799.26	2622
1797.53	2658
1795.79	2670
1794.06	2649
1792.32	2645
1790.59	2685
1788.85	2733
1787.11	2727
1785.37	2705
1783.64	2775
1781.9	2723
1780.16	2761
1778.42	2774
1776.67	2785
1774.93	2808
1773.19	2790
1771.45	2839
1769.7	2805
1767.96	2903
1766.21	2884
1764.47	2865
1762.72	2914
1760.97	2957
1759.23	2912
1757.48	2944
1755.73	2943
1753.98	2955
1752.23	3031
1750.48	2988
1748.73	3026
1746.97	3064
1745.22	3082
1743.47	3048
1741.71	3092
1739.96	3113
1738.2	3110
1736.44	3129
1734.69	3112
1732.93	3166
1731.17	3101
1729.41	3221
1727.65	3183
1725.89	3188
1724.13	3277
1722.37	3281
1720.61	3289
1718.85	3286
1717.08	3294
1715.32	3327
1713.55	3367
1711.79	3359
1710.02	3337
1708.25	3331
1706.49	3418
1704.72	3446
1702.95	3416
1701.18	3451
1699.41	3510
1697.64	3525
1695.87	3513
1694.09	3528
1692.32	3568
1690.55	3597
1688.77	3649
1687	3609
1685.22	3644
1683.45	3646
1681.67	3657
1679.89	3763
1678.11	3723
1676.34	3706
1674.56	3745
1672.78	3773
1671	3802
1669.21	3788
1667.43	3841
1665.65	3875
1663.86	3895
1662.08	3897
1660.3	3904
1658.51	3881
1656.72	3934
1654.94	3910
1653.15	3929
1651.36	3928
1649.57	3917
1647.78	3957
1645.99	3941
1644.2	3923
1642.41	3908
1640.62	3999
1638.82	3969
1637.03	3943
1635.24	3942
1633.44	3982
1631.65	3952
1629.85	3993
1628.05	3992
1626.25	3977
1624.46	3991
1622.66	3996
1620.86	3983
1619.06	3950
1617.26	3951
1615.45	3978
1613.65	4024
1611.85	3958
1610.04	3983
1608.24	4012
1606.43	3969
1604.63	3986
1602.82	3993
1601.02	3986
1599.21	4034
1597.4	4027
1595.59	4065
1593.78	4035
1591.97	4115
1590.16	4087
1588.35	4078
1586.53	4117
1584.72	4078
1582.91	4060
1581.09	4078
1579.28	4057
1577.46	4063
1575.64	4101
1573.82	4046
1572.01	4093
1570.19	4133
1568.37	4108
1566.55	4123
1564.73	4037
1562.91	4137
1561.08	4115
1559.26	4228
1557.44	4150
1555.61	4119
1553.79	4109
1551.96	4204
1550.14	4134
1548.31	4153
1546.48	4114
1544.65	4133
1542.82	4158
1540.99	4199
1539.16	4171
1537.33	4123
1535.5	4155
1533.67	4119
1531.83	4094
1530	4128
1528.16	4150
1526.33	4182
1524.49	4108
1522.66	4105
1520.82	4056
1518.98	4125
1517.14	4103
1515.3	4128
1513.46	4121
1511.62	4094
1509.78	4069
1507.94	4032
1506.09	4126
1504.25	4119
1502.41	4107
1500.56	4185
1498.71	4122
1496.87	4109
1495.02	4124
1493.17	4160
1491.32	4113
1489.47	4087
1487.63	4217
1485.77	4108
1483.92	4104
1482.07	4167
1480.22	4198
1478.36	4301
1476.51	4254
1474.66	4248
1472.8	4372
1470.94	4309
1469.09	4325
1467.23	4349
1465.37	4332
1463.51	4434
1461.65	4379
1459.79	4427
1457.93	4377
1456.07	4386
1454.2	4381
1452.34	4430
1450.48	4460
1448.61	4423
1446.75	4433
1444.88	4381
1443.01	4391
1441.14	4390
1439.28	4358
1437.41	4365
1435.54	4293
1433.67	4318
1431.8	4341
1429.92	4367
1428.05	4289
1426.18	4281
1424.3	4369
1422.43	4239
1420.55	4262
1418.68	4259
1416.8	4199
1414.92	4189
1413.04	4226
1411.17	4199
1409.29	4198
1407.41	4238
1405.52	4151
1403.64	4177
1401.76	4196
1399.88	4171
1397.99	4191
1396.11	4166
1394.22	4123
1392.34	4132
1390.45	4132
1388.56	4178
1386.67	4135
1384.78	4132
1382.89	4126
1381	4134
1379.11	4171
1377.22	4122
1375.33	4136
1373.43	4159
1371.54	4121
1369.65	4144
1367.75	4195
1365.85	4192
1363.96	4164
1362.06	4199
1360.16	4222
1358.26	4188
1356.36	4290
1354.46	4222
1352.56	4308
1350.66	4315
1348.75	4270
1346.85	4257
1344.95	4295
1343.04	4304
1341.14	4324
1339.23	4329
1337.32	4291
1335.42	4352
1333.51	4314
1331.6	4384
1329.69	4343
1327.78	4324
1325.86	4332
1323.95	4337
1322.04	4316
1320.13	4396
1318.21	4414
1316.3	4436
1314.38	4501
1312.46	4540
1310.55	4532
1308.63	4545
1306.71	4560
1304.79	4525
1302.87	4608
1300.95	4642
1299.03	4609
1297.1	4646
1295.18	4659
1293.26	4700
1291.33	4747
1289.41	4739
1287.48	4755
1285.55	4786
1283.63	4812
1281.7	4818
1279.77	4852
1277.84	4856
1275.91	4783
1273.98	4904
1272.05	4861
1270.11	4898
1268.18	4836
1266.24	4864
1264.31	4892
1262.37	4889
1260.44	4885
1258.5	4802
1256.56	4780
1254.62	4786
1252.68	4817
1250.74	4781
1248.8	4737
1246.86	4764
1244.92	4735
1242.98	4693
1241.03	4643
1239.09	4689
1237.14	4606
1235.2	4584
1233.25	4529
1231.3	4460
1229.35	4453
1227.4	4349
1225.45	4344
1223.5	4317
1221.55	4306
1219.6	4197
1217.65	4197
1215.69	4142
1213.74	4101
1211.78	4067
1209.83	4055
1207.87	4021
1205.91	3967
1203.96	3965
1202	3934
1200.04	3844
1198.08	3819
1196.12	3862
1194.15	3771
1192.19	3783
1190.23	3768
1188.26	3790
1186.3	3757
1184.33	3700
1182.37	3780
1180.4	3712
1178.43	3703
1176.46	3705
1174.49	3640
1172.52	3712
1170.55	3704
1168.58	3666
1166.61	3685
1164.64	3660
1162.66	3652
1160.69	3654
1158.71	3579
1156.73	3643
1154.76	3626
1152.78	3680
1150.8	3619
1148.82	3676
1146.84	3686
1144.86	3725
1142.88	3674
1140.9	3676
1138.91	3658
1136.93	3693
1134.95	3691
1132.96	3649
1130.97	3688
1128.99	3643
1127	3633
1125.01	3634
1123.02	3649
1121.03	3672
1119.04	3690
1117.05	3667
1115.06	3695
1113.07	3671
1111.07	3656
1109.08	3675
1107.08	3668
1105.09	3694
1103.09	3742
1101.09	3634
1099.09	3690
1097.09	3690
1095.09	3727
1093.09	3679
1091.09	3675
1089.09	3715
1087.09	3653
1085.08	3712
1083.08	3708
1081.07	3690
1079.07	3674
1077.06	3689
1075.05	3628
1073.04	3646
1071.03	3607
1069.02	3645
1067.01	3635
1065	3584
1062.99	3683
1060.98	3606
1058.96	3577
1056.95	3606
1054.93	3632
1052.92	3660
1050.9	3573
1048.88	3589
1046.86	3597
1044.84	3556
1042.82	3494
1040.8	3519
1038.78	3503
1036.76	3499
1034.74	3498
1032.71	3533
1030.69	3502
1028.66	3472
1026.64	3478
1024.61	3441
1022.58	3453
1020.55	3411
1018.52	3434
1016.49	3441
1014.46	3421
1012.43	3461
1010.4	3446
1008.36	3417
1006.33	3407
1004.29	3445
1002.26	3349
1000.22	3405
998.184	3371
996.146	3410
994.108	3415
992.068	3437
990.028	3369
987.986	3406
985.944	3421
983.901	3438
981.858	3427
979.813	3471
977.768	3473
975.722	3525
973.675	3511
971.627	3452
969.579	3502
967.53	3471
965.48	3527
963.429	3524
961.377	3558
959.325	3539
957.273	3580
955.218	3618
953.163	3558
951.108	3551
949.051	3566
946.994	3550
944.936	3615
942.878	3509
940.818	3584
938.758	3571
936.697	3569
934.634	3566
932.572	3539
930.509	3638
928.444	3604
926.379	3561
924.313	3551
922.246	3616
920.179	3579
918.111	3610
916.041	3561
913.972	3540
911.901	3604
909.829	3484
907.757	3501
905.684	3587
903.61	3500
901.535	3468
899.46	3532
897.383	3523
895.306	3494
893.228	3540
891.149	3540
889.069	3550
886.989	3576
884.908	3559
882.826	3538
880.743	3626
878.659	3625
876.575	3568
874.49	3566
872.403	3669
870.317	3657
868.229	3667
866.141	3638
864.051	3669
861.961	3649
859.87	3707
857.779	3680
855.685	3661
853.592	3623
851.498	3735
849.403	3718
847.307	3716
845.211	3695
843.113	3720
841.015	3700
838.916	3715
836.816	3740
834.715	3650
832.613	3642
830.511	3674
828.408	3648
826.304	3684
824.199	3677
822.093	3689
819.987	3627
817.879	3584
815.771	3626
813.663	3657
811.553	3649
809.442	3600
807.331	3600
805.218	3591
803.105	3611
800.992	3579
798.877	3640
796.761	3638
794.645	3636
792.527	3612
790.41	3584
788.291	3602
786.171	3653
784.051	3626
781.929	3630
779.807	3674
777.684	3663
775.56	3577
773.436	3679
771.31	3649
769.184	3715
767.057	3646
764.929	3741
762.8	3770
760.67	3709
758.54	3706
756.409	3731
754.277	3731
752.143	3755
750.01	3757
747.875	3799
745.74	3800
743.603	3806
741.466	3794
739.328	3773
737.189	3778
735.049	3792
732.909	3787
730.768	3833
728.626	3775
726.483	3757
724.339	3778
722.194	3774
720.049	3789
717.903	3736
715.755	3733
713.607	3739
711.458	3699
709.308	3661
707.158	3726
705.007	3685
702.855	3706
700.701	3720
698.548	3671
696.393	3687
694.237	3673
692.081	3629
689.923	3620
687.765	3602
685.606	3578
683.446	3655
681.286	3583
679.124	3622
676.962	3543
674.798	3605
672.635	3572
670.469	3598
668.304	3655
666.137	3646
663.969	3639
661.801	3636
659.632	3597
657.462	3626
655.291	3659
653.119	3622
650.947	3710
648.773	3641
646.599	3649
644.424	3694
642.248	3687
640.071	3703
637.893	3771
635.714	3695
633.535	3753
631.354	3752
629.173	3748
626.992	3790
624.809	3754
622.625	3765
620.44	3770
618.255	3754
616.069	3757
613.882	3783
611.694	3763
609.505	3741
607.315	3747
605.124	3687
602.933	3692
600.741	3746
598.548	3787
596.354	3776
594.158	3726
591.963	3770
589.766	3749
587.569	3760
585.37	3814
583.171	3783
580.971	3795
578.769	3771
576.569	3806
574.365	3765
572.161	3844
569.957	3788
567.752	3796
565.545	3809
563.339	3857
561.13	3808
558.922	3804
556.712	3792
554.502	3833
552.291	3801
550.078	3880
547.865	3836
545.651	3900
543.436	3869
541.22	3849
539.004	3914
536.787	3924
534.568	3958
532.349	3923
530.128	3937
527.907	3937
525.686	3934
523.463	3903
521.239	3962
519.015	3969
516.789	4005
514.563	3953
512.335	3964
510.107	4037
507.879	4029
505.648	4045
503.418	3969
501.186	3964
498.954	4029
496.721	3953
494.486	3965
492.251	4013
490.015	3974
487.778	3997
485.541	3927
483.302	4021
481.063	4013
478.822	3955
476.581	3953
474.338	3946
472.096	4019
469.851	3951
467.607	4014
465.361	3983
463.114	4009
460.867	4036
458.618	4084
456.369	4025
454.119	4020
451.868	4097
449.616	4104
447.363	4060
445.11	4025
442.854	4080
440.599	4183
438.343	4180
436.085	4234
433.827	4191
431.568	4248
429.308	4192
427.047	4236
424.786	4251
422.522	4332
420.259	4318
417.994	4252
415.729	4280
413.463	4374
411.196	4290
408.927	4299
406.658	4304
404.389	4380
402.118	4353
399.846	4321
397.573	4376
395.3	4396
393.025	4380
390.75	4363
388.474	4353
386.196	4358
383.919	4408
381.64	4380
379.36	4434
377.08	4411
374.798	4423
372.515	4480
370.231	4438
367.947	4415
365.662	4504
363.376	4496
361.089	4518
358.801	4495
356.511	4490
354.222	4530
351.931	4646
349.639	4569
347.347	4556
345.053	4605
342.759	4569
340.463	4639
338.167	4633
335.871	4634
333.572	4671
331.273	4645
328.974	4676
326.673	4691
324.371	4699
322.068	4758
319.765	4761
317.46	4804
315.154	4860
312.849	4878
310.541	4781
308.233	4875
305.924	4926
303.614	4964
301.303	4969
298.992	4939
296.679	4966
294.365	5031
292.051	5080
289.734	5095
287.418	5112
285.101	5171
282.783	5240
280.463	5220
278.144	5366
275.822	5352
273.5	5322
271.178	5458
268.853	5430
266.529	5563
264.203	5654
261.876	5683
259.548	5741
257.22	5847
254.891	5976
252.561	5993
250.229	6046
247.897	6273
245.564	6134
243.23	6298
240.895	6463
238.559	6477
236.222	6499
233.884	6775
231.545	6791
229.206	6768
226.865	6913
224.524	7084
222.181	7150
219.838	7276
217.493	7510
215.148	7629
212.802	7716
210.455	7873
208.106	7958
205.758	8245
203.407	8419
201.056	8628
198.705	8853
196.351	8885
193.997	9011
191.643	9208
189.288	9398
186.931	9371
184.574	9653
182.214	9852
179.855	9934
177.495	10011
175.134	10006
172.771	10203
170.408	10478
168.044	10889
165.679	10814
163.312	10855
160.946	11028
158.578	11271
156.208	11583
153.838	11509
151.468	11662
149.097	11746
146.724	11932
144.349	12138
141.975	12295
139.599	12481
137.223	12603
134.846	12840
132.467	13205
130.088	13414
127.707	13749
125.326	13978
122.944	14298
120.56	14841
118.177	15361
115.791	15763
113.405	16141
111.018	16561
108.63	16985
106.241	17685
103.851	18376
101.46	19269
99.0686	19969
96.675	21069
94.2815	22065
91.8872	23544
89.4909	25021
87.0947	26801
84.6966	28381
82.2976	30263
79.8987	32752
77.4979	35157
75.0962	39033
72.6935	43775
70.29	49488
67.8855	58512
65.4801	64524
63.0739	64524
60.6667	64524
58.2586	64524
55.8495	64524
53.4386	64524
51.0278	64524
48.616	64524
46.2023	64524
43.7887	64524
41.3732	64524
38.9568	64524
36.5404	64524
34.1222	64524
31.703	64524
29.2829	64524
26.8618	64524
24.4399	64524
22.017	64524
19.5932	64524
17.1685	64524
14.7429	64524
12.3153	64524
9.88782	64524
7.4594	64524
5.02907	64524
2.5988	64524
0.166609	64524
-2.26552	64524
-4.69956	64524
-7.13454	64524
-9.57045	64524
-12.0063	64524
-14.4441	64524
-16.8828	64524
-19.3224	64524
-21.763	64524
-24.2045	64524
-26.6479	64524
-29.0913	64524
-31.5356	64524
-33.9808	64524
-36.428	64524
-38.8751	64524
-41.3241	64524
-43.7731	64524
-46.224	64524
-48.6749	64524
-51.1277	64524
-53.5814	64524
-56.0361	64524
-58.4907	64524
-60.9473	64524
-63.4048	64524
-65.8633	63914
-68.3227	56661
-70.783	50041
-73.2453	44616
-75.7075	39933
-78.1707	35999
-80.6348	32241
-83.1009	29101
-85.5669	26394
-88.0349	23739
-90.5028	21472
-92.9727	19255
-95.4425	17369
-97.9143	15797
-100.387	14298
-102.861	12984
-105.334	12022
-107.81	11141
-110.286	10461
-112.764	9867
-115.242	9124
-117.722	8339
-120.203	7599
-122.684	6765
-125.167	6008
-127.65	5378
-130.135	5048
-132.62	4714
-135.106	4493
-137.594	4244
-140.082	4009
-142.572	3570
-145.063	3257
-147.554	2825
-150.047	2498
-152.541	2345
-155.036	2257
-157.532	2185
-160.028	1999
-162.526	1819
-165.025	1685
-167.525	1557
-170.025	1461
-172.527	1434
-175.029	1364
-177.534	1265
-180.038	1203
-182.544	1129
-185.051	1101
-187.559	1050
-190.068	1011
-192.577	1004
-195.089	955
-197.6	943
-200.113	929
-202.628	936
-205.143	888
-207.659	880
-210.176	844
-212.694	815
-215.213	830
-217.734	810
-220.255	804
-222.777	794
-225.3	786
-227.824	775
-230.349	757
-232.876	736
-235.403	721
-237.932	689
-240.461	672
-242.992	681
-245.523	686
-248.056	649
-250.589	673
-253.124	664
-255.66	617
-258.197	631
-260.734	599
-263.273	633
-265.813	588
-268.354	603
-270.896	606
-273.439	582
-275.982	579
-278.527	548
-281.074	544
-283.621	523
-286.169	551
-288.718	518
-291.269	506
-293.82	488
-296.372	480
-298.925	492
-301.48	475
-304.035	465
-306.592	468
-309.15	450
-311.708	440
-314.268	446
-316.828	451
-319.39	424
-321.953	435
-324.517	400
-327.082	427
-329.648	386
-332.215	400
-334.783	402
-337.352	394
-339.922	408
-342.493	371
-345.066	382
-347.639	373
-350.213	383
-352.789	358
-355.365	366
-357.943	363
-360.521	365
-363.101	336
-365.681	345
-368.263	365
-370.847	350
-373.431	337
-376.015	344
-378.601	341
-381.188	339
-383.777	319
-386.366	313
-388.956	316
-391.548	325
-394.14	308
-396.733	288
-399.328	321
-401.923	300
-404.521	333
-407.118	312
-409.717	296
-412.317	263
-414.918	296
-417.52	283
-420.123	278
-422.727	290
-425.332	276
-427.939	262
-430.546	268
-433.155	277
-435.764	263
-438.374	262
-440.986	279
-443.599	248
-446.213	263
-448.828	242
-451.444	273
-454.061	264
-456.68	252
-459.299	268
-461.919	229
-464.54	233
-467.163	236
-469.786	250
-472.411	248
-475.037	231
-477.663	221
-480.292	238
-482.92	243
-485.551	248
-488.182	226
-490.814	253
-493.447	237
-496.082	238
-498.717	234
-501.354	231
-503.992	241
-506.63	213
-509.27	225
-511.911	235
-514.553	230
-517.197	217
-519.841	237
-522.486	217
-525.133	236
-527.78	215
-530.429	217
-533.078	227
-535.729	219
-538.381	210
-541.034	224
-543.688	221
-546.343	220
-548.999	214
-551.657	225
-554.316	204
-556.975	211
-559.636	218
-562.297	207
-564.961	231
-567.625	210
-570.29	230
-572.956	227
-575.623	216
-578.292	218
-580.961	227
-583.632	213
-586.303	214
-588.976	212
-591.65	199
-594.326	212
-597.002	211
-599.679	231
-602.358	222
-605.037	214
-607.718	234
-610.399	224
-613.082	220
-615.767	213
-618.452	227
-621.138	215
-623.825	216
-626.514	248
-629.203	197
-631.893	228
-634.586	210
-637.278	220
-639.973	236
-642.667	237
-645.364	232
-648.061	223
-650.76	226
-653.46	218
-656.16	235
-658.862	236
-661.566	214
-664.269	237
-666.974	233
-669.681	214
-672.389	226
-675.097	227
-677.807	235
-680.518	231
-683.23	221
-685.943	223
-688.658	238
-691.373	236
-694.089	218
-696.807	249
-699.526	236
-702.245	231
-704.966	220
-707.689	227
-710.412	235
-713.136	234
-715.863	256
-718.589	258
-721.317	228
-724.046	230
-726.776	221
-729.508	236
-732.24	227
-734.974	226
-737.709	225
-740.444	217
-743.182	238
-745.919	232
-748.659	225
-751.399	229
-754.141	237
-756.883	223
-759.627	224
-762.372	217
-765.119	245
-767.866	239
-770.615	240
-773.365	254
-776.115	223
-778.867	221
-781.62	246
-784.375	242
-787.13	239
-789.886	244
-792.644	233
-795.402	231
-798.162	237
-800.924	242
-803.686	240
-806.449	233
-809.215	232
-811.98	235
-814.747	209
-817.516	238
-820.284	233
-823.054	224
-825.827	246
-828.599	231
-831.373	241
-834.149	235
-836.924	244
-839.702	237
-842.48	236
-845.26	233
-848.042	230
-850.823	242
-853.606	239
-856.391	224
-859.177	221
-861.963	255
-864.751	235
-867.54	264
-870.331	234
-873.122	215
-875.915	236
-878.709	234
-881.504	214
-884.3	217
-887.097	216
-889.895	250
-892.695	213
-895.496	221
-898.298	231
-901.101	220
-903.905	219
-906.711	233
-909.518	219
-912.325	234
-915.134	222
-917.945	234
-920.756	231
-923.569	236
-926.383	219
-929.198	225
-932.013	217
-934.831	240
-937.649	212
-940.47	228
-943.29	217
-946.113	229
-948.936	214
-951.761	228
-954.586	216
-957.413	241
-960.242	213
-963.07	241
-965.901	242
-968.733	258
-971.565	231
-974.399	245
-977.235	251
-980.072	233
-982.908	237
-985.747	238
-988.588	229
-991.429	234
-994.271	245
-997.115	235
-999.96	253
-1002.81	249
-1005.65	225
-1008.5	245
-1011.35	270
-1014.2	253
-1017.05	265
-1019.91	247
-1022.76	241
-1025.62	249
-1028.47	243
-1031.33	235
-1034.19	250
-1037.05	255
-1039.91	253
-1042.78	230
-1045.64	256
-1048.51	249
-1051.37	240
-1054.24	267
-1057.11	251
-1059.98	250
-1062.85	243
-1065.72	280
-1068.6	270
-1071.47	280
-1074.35	275
-1077.23	284
-1080.11	272
-1082.99	277
-1085.87	272
-1088.75	288
-1091.63	268
-1094.52	282
-1097.4	283
-1100.29	264
-1103.18	298
-1106.07	268
-1108.96	287
-1111.85	280
-1114.75	298
-1117.64	307
-1120.54	294
-1123.43	286
-1126.33	312
-1129.23	291
-1132.13	304
-1135.03	307
-1137.94	303
-1140.84	326
-1143.75	348
-1146.65	326
-1149.56	308
-1152.47	336
-1155.38	333
-1158.3	354
-1161.21	367
-1164.12	408
-1167.04	400
-1169.96	423
-1172.87	419
-1175.79	434
-1178.71	482
-1181.64	500
-1184.56	582
-1187.48	680
-1190.41	755
-1193.33	925
-1196.26	990
-1199.19	1131
-1202.12	1224
-1205.06	1434
-1207.99	1627
-1210.92	1869
-1213.86	2030
-1216.8	2248
-1219.73	2439
-1222.67	2602
-1225.61	2835
-1228.55	3009
-1231.5	3294
-1234.44	3732
-1237.39	4219
-1240.33	4830
-1243.28	5929
-1246.23	8043
-1249.18	9964
-1252.14	11554
-1255.09	13167
-1258.04	14111
-1261	15334
-1263.96	15608
-1266.91	15053
-1269.87	14256
-1272.83	12896
-1275.8	10965
-1278.76	9436
-1281.72	7215
-1284.69	4666
-1287.66	2780
-1290.62	1851
-1293.59	1394
-1296.57	1316
-1299.54	983
-1302.51	842
-1305.49	748
-1308.46	697
-1311.44	688
-1314.42	654
-1317.4	651
-1320.38	604
-1323.36	587
-1326.34	584
-1329.33	571
-1332.32	558
-1335.3	590
-1338.29	604
-1341.28	612
-1344.27	608
-1347.27	591
-1350.26	559
-1353.26	584
-1356.25	532
-1359.25	524
-1362.25	536
-1365.25	532
-1368.25	504
-1371.25	512
-1374.26	494
-1377.26	478
-1380.27	466
-1383.28	414
-1386.29	380
-1389.3	325
-1392.31	319
