2745.96	95
2744.58	64
2743.19	74
2741.81	84
2740.42	78
2739.03	78
2737.64	78
2736.25	89
2734.86	82
2733.47	83
2732.08	73
2730.69	75
2729.3	75
2727.91	75
2726.51	82
2725.12	75
2723.73	80
2722.33	88
2720.94	76
2719.54	87
2718.15	70
2716.75	80
2715.35	80
2713.96	80
2712.56	82
2711.16	63
2709.76	74
2708.36	80
2706.96	70
2705.56	83
2704.16	72
2702.76	93
2701.36	96
2699.96	69
2698.56	76
2697.15	78
2695.75	85
2694.34	96
2692.94	75
2691.53	86
2690.13	103
2688.72	87
2687.31	90
2685.91	72
2684.5	71
2683.09	86
2681.68	82
2680.27	59
2678.86	82
2677.45	74
2676.04	81
2674.63	57
2673.22	80
2671.81	71
2670.39	83
2668.98	81
2667.57	73
2666.15	78
2664.74	72
2663.32	84
2661.91	73
2660.49	75
2659.07	67
2657.65	80
2656.24	72
2654.82	71
2653.4	84
2651.98	84
2650.56	78
2649.14	76
2647.72	92
2646.3	96
2644.87	86
2643.45	83
2642.03	70
2640.61	86
2639.18	70
2637.76	81
2636.33	78
2634.91	85
2633.48	85
2632.05	69
2630.62	67
2629.2	83
2627.77	79
2626.34	85
2624.91	87
2623.48	72
2622.05	84
2620.62	92
2619.19	85
2617.76	72
2616.32	84
2614.89	74
2613.46	74
2612.02	91
2610.59	82
2609.15	96
2607.72	89
2606.28	83
2604.85	80
2603.41	75
2601.97	72
2600.53	87
2599.09	58
2597.65	86
2596.22	78
2594.78	66
2593.33	92
2591.89	75
2590.45	85
2589.01	83
2587.57	85
2586.12	76
2584.68	84
2583.23	87
2581.79	82
2580.34	75
2578.9	76
2577.45	86
2576	78
2574.56	81
2573.11	72
2571.66	82
2570.21	59
2568.76	75
2567.31	93
2565.86	94
2564.41	85
2562.96	72
2561.51	90
2560.05	81
2558.6	71
2557.15	75
2555.69	86
2554.24	73
2552.78	79
2551.32	82
2549.87	82
2548.41	59
2546.95	71
2545.5	84
2544.04	77
2542.58	85
2541.12	50
2539.66	76
2538.2	86
2536.74	87
2535.27	87
2533.81	69
2532.35	74
2530.89	61
2529.42	76
2527.96	84
2526.49	79
2525.03	81
2523.56	83
2522.09	62
2520.63	68
2519.16	80
2517.69	71
2516.22	84
2514.75	61
2513.28	70
2511.81	70
2510.34	86
2508.87	66
2507.4	73
2505.93	71
2504.45	69
2502.98	79
2501.51	67
2500.03	81
2498.56	58
2497.08	77
2495.6	74
2494.13	74
2492.65	61
2491.17	67
2489.69	69
2488.22	61
2486.74	75
2485.26	65
2483.78	72
2482.29	85
2480.81	65
2479.33	74
2477.85	75
2476.36	72
2474.88	71
2473.4	77
2471.91	83
2470.43	86
2468.94	64
2467.45	56
2465.97	85
2464.48	74
2462.99	63
2461.5	84
2460.01	80
2458.52	69
2457.03	75
2455.54	68
2454.05	92
2452.56	88
2451.07	85
2449.57	78
2448.08	76
2446.59	82
2445.09	78
2443.6	81
2442.1	77
2440.6	74
2439.11	83
2437.61	69
2436.11	85
2434.61	95
2433.12	83
2431.62	82
2430.12	87
2428.62	69
2427.11	78
2425.61	82
2424.11	71
2422.61	80
2421.1	77
2419.6	83
2418.1	65
2416.59	82
2415.09	72
2413.58	79
2412.07	76
2410.57	69
2409.06	79
2407.55	76
2406.04	66
2404.53	76
2403.02	67
2401.51	76
2400	66
2398.49	67
2396.98	68
2395.46	62
2393.95	68
2392.44	69
2390.92	62
2389.41	74
2387.89	55
2386.38	64
2384.86	53
2383.34	67
2381.82	55
2380.31	50
2378.79	62
2377.27	69
2375.75	72
2374.23	56
2372.71	79
2371.19	43
2369.66	59
2368.14	66
2366.62	62
2365.09	64
2363.57	72
2362.04	56
2360.52	63
2358.99	57
2357.47	52
2355.94	58
2354.41	54
2352.88	50
2351.35	71
2349.83	44
2348.3	63
2346.77	51
2345.23	69
2343.7	50
2342.17	58
2340.64	62
2339.1	58
2337.57	63
2336.04	39
2334.5	57
2332.97	49
2331.43	51
2329.89	58
2328.36	50
2326.82	63
2325.28	45
2323.74	48
2322.2	53
2320.66	51
2319.12	46
2317.58	61
2316.04	54
2314.5	65
2312.95	56
2311.41	65
2309.87	41
2308.32	61
2306.78	47
2305.23	48
2303.68	61
2302.14	49
2300.59	55
2299.04	42
2297.49	60
2295.94	51
2294.39	51
2292.84	48
2291.29	67
2289.74	50
2288.19	46
2286.64	54
2285.09	50
2283.53	48
2281.98	53
2280.42	47
2278.87	45
2277.31	47
2275.76	56
2274.2	61
2272.64	62
2271.08	57
2269.52	36
2267.96	54
2266.4	59
2264.84	51
2263.28	57
2261.72	60
2260.16	53
2258.6	36
2257.03	48
2255.47	49
2253.9	54
2252.34	49
2250.77	52
2249.21	34
2247.64	39
2246.07	53
2244.51	57
2242.94	54
2241.37	51
2239.8	52
2238.23	49
2236.66	53
2235.09	57
2233.51	44
2231.94	46
2230.37	51
2228.79	47
2227.22	59
2225.65	46
2224.07	53
2222.49	52
2220.92	56
2219.34	54
2217.76	49
2216.18	57
2214.61	52
2213.03	54
2211.45	49
2209.86	55
2208.28	53
2206.7	62
2205.12	37
2203.54	51
2201.95	54
2200.37	45
2198.78	45
2197.2	43
2195.61	46
2194.03	59
2192.44	45
2190.85	45
2189.26	50
2187.67	51
2186.09	70
2184.5	43
2182.9	53
2181.31	45
2179.72	46
2178.13	43
2176.54	44
2174.94	55
2173.35	43
2171.75	43
2170.16	50
2168.56	46
2166.97	56
2165.37	40
2163.77	42
2162.17	45
2160.58	43
2158.98	42
2157.38	58
2155.78	43
2154.17	41
2152.57	58
2150.97	51
2149.37	53
2147.76	46
2146.16	51
2144.56	53
2142.95	62
2141.34	33
2139.74	45
2138.13	56
2136.52	51
2134.91	57
2133.31	61
2131.7	51
2130.09	58
2128.48	56
2126.86	61
2125.25	55
2123.64	52
2122.03	59
2120.41	56
2118.8	51
2117.18	68
2115.57	56
2113.95	60
2112.34	60
2110.72	48
2109.1	44
2107.48	64
2105.86	58
2104.25	60
2102.63	54
2101	50
2099.38	60
2097.76	41
2096.14	60
2094.52	47
2092.89	45
2091.27	66
2089.64	41
2088.02	56
2086.39	50
2084.76	47
2083.14	39
2081.51	39
2079.88	44
2078.25	47
2076.62	48
2074.99	36
2073.36	32
2071.73	40
2070.1	34
2068.46	44
2066.83	50
2065.2	52
2063.56	28
2061.93	43
2060.29	42
2058.65	31
2057.02	32
2055.38	42
2053.74	34
2052.1	45
2050.46	44
2048.82	42
2047.18	43
2045.54	49
2043.9	35
2042.26	44
2040.61	47
2038.97	36
2037.33	43
2035.68	40
2034.04	34
2032.39	36
2030.74	50
2029.1	46
2027.45	44
2025.8	53
2024.15	42
2022.5	47
2020.85	47
2019.2	56
2017.55	37
2015.89	53
2014.24	46
2012.59	48
2010.93	50
2009.28	49
2007.62	57
2005.97	35
2004.31	46
2002.65	47
2001	47
1999.34	67
1997.68	38
1996.02	63
1994.36	54
1992.7	56
1991.04	56
1989.38	55
1987.71	64
1986.05	71
1984.39	70
1982.72	62
1981.06	66
1979.39	54
1977.72	66
1976.06	69
1974.39	59
1972.72	63
1971.05	93
1969.38	61
1967.71	71
1966.04	78
1964.37	80
1962.7	85
1961.03	85
1959.35	92
1957.68	77
1956	90
1954.33	91
1952.65	81
1950.98	92
1949.3	71
1947.62	81
1945.94	90
1944.27	97
1942.59	72
1940.91	104
1939.23	79
1937.54	89
1935.86	93
1934.18	84
1932.5	86
1930.81	100
1929.13	95
1927.44	85
1925.76	94
1924.07	103
1922.39	112
1920.7	88
1919.01	91
1917.32	87
1915.63	92
1913.94	90
1912.25	84
1910.56	108
1908.87	94
1907.17	86
1905.48	93
1903.79	90
1902.09	90
1900.4	93
1898.7	97
1897.01	87
1895.31	103
1893.61	93
1891.91	87
1890.21	83
1888.51	98
1886.81	116
1885.11	77
1883.41	106
1881.71	88
1880.01	99
1878.3	104
1876.6	89
1874.9	91
1873.19	104
1871.48	104
1869.78	94
1868.07	93
1866.36	88
1864.65	100
1862.95	84
1861.24	91
1859.53	89
1857.81	74
1856.1	84
1854.39	92
1852.68	76
1850.96	83
1849.25	87
1847.54	78
1845.82	92
1844.1	88
1842.39	74
1840.67	78
1838.95	81
1837.23	80
1835.51	80
1833.79	85
1832.07	73
1830.35	73
1828.63	80
1826.91	90
1825.18	81
1823.46	79
1821.74	69
1820.01	78
1818.29	95
1816.56	77
1814.83	82
1813.1	79
1811.38	79
1809.65	74
1807.92	79
1806.19	75
1804.46	76
1802.73	74
1800.99	69
1799.26	62
1797.53	90
1795.79	72
1794.06	89
1792.32	65
1790.59	81
1788.85	87
1787.11	96
1785.37	83
1783.64	91
1781.9	67
1780.16	84
1778.42	80
1776.67	84
1774.93	92
1773.19	86
1771.45	84
1769.7	68
1767.96	84
1766.21	86
1764.47	77
1762.72	86
1760.97	78
1759.23	92
1757.48	77
1755.73	71
1753.98	87
1752.23	73
1750.48	82
1748.73	81
1746.97	90
1745.22	76
1743.47	83
1741.71	75
1739.96	71
1738.2	95
1736.44	76
1734.69	78
1732.93	80
1731.17	84
1729.41	74
1727.65	62
1725.89	89
1724.13	86
1722.37	84
1720.61	81
1718.85	87
1717.08	97
1715.32	75
1713.55	88
1711.79	77
1710.02	94
1708.25	87
1706.49	86
1704.72	98
1702.95	101
1701.18	87
1699.41	92
1697.64	95
1695.87	97
1694.09	103
1692.32	96
1690.55	100
1688.77	98
1687	93
1685.22	92
1683.45	102
1681.67	88
1679.89	93
1678.11	97
1676.34	86
1674.56	75
1672.78	88
1671	85
1669.21	79
1667.43	83
1665.65	84
1663.86	82
1662.08	81
1660.3	90
1658.51	78
1656.72	78
1654.94	71
1653.15	83
1651.36	65
1649.57	77
1647.78	73
1645.99	60
1644.2	80
1642.41	73
1640.62	81
1638.82	75
1637.03	74
1635.24	74
1633.44	69
1631.65	83
1629.85	72
1628.05	71
1626.25	85
1624.46	77
1622.66	90
1620.86	82
1619.06	64
1617.26	83
1615.45	61
1613.65	89
1611.85	71
1610.04	74
1608.24	82
1606.43	89
1604.63	81
1602.82	76
1601.02	81
1599.21	67
1597.4	83
1595.59	71
1593.78	82
1591.97	85
1590.16	90
1588.35	94
1586.53	98
1584.72	89
1582.91	81
1581.09	83
1579.28	81
1577.46	97
1575.64	83
1573.82	81
1572.01	88
1570.19	79
1568.37	99
1566.55	74
1564.73	91
1562.91	102
1561.08	80
1559.26	94
1557.44	99
1555.61	102
1553.79	97
1551.96	102
1550.14	101
1548.31	96
1546.48	99
1544.65	99
1542.82	99
1540.99	109
1539.16	100
1537.33	112
1535.5	108
1533.67	104
1531.83	113
1530	100
1528.16	102
1526.33	110
1524.49	100
1522.66	105
1520.82	110
1518.98	109
1517.14	113
1515.3	110
1513.46	103
1511.62	105
1509.78	99
1507.94	105
1506.09	117
1504.25	114
1502.41	103
1500.56	102
1498.71	111
1496.87	103
1495.02	97
1493.17	96
1491.32	97
1489.47	116
1487.63	98
1485.77	111
1483.92	104
1482.07	111
1480.22	104
1478.36	109
1476.51	112
1474.66	108
1472.8	122
1470.94	108
1469.09	101
1467.23	106
1465.37	96
1463.51	101
1461.65	110
1459.79	103
1457.93	97
1456.07	104
1454.2	107
1452.34	95
1450.48	94
1448.61	85
1446.75	106
1444.88	110
1443.01	112
1441.14	113
1439.28	115
1437.41	113
1435.54	107
1433.67	112
1431.8	111
1429.92	104
1428.05	117
1426.18	124
1424.3	120
1422.43	116
1420.55	96
1418.68	111
1416.8	112
1414.92	106
1413.04	120
1411.17	102
1409.29	86
1407.41	94
1405.52	121
1403.64	116
1401.76	101
1399.88	95
1397.99	101
1396.11	109
1394.22	94
1392.34	111
1390.45	118
1388.56	95
1386.67	93
1384.78	103
1382.89	116
1381	105
1379.11	116
1377.22	95
1375.33	120
1373.43	110
1371.54	103
1369.65	118
1367.75	104
1365.85	110
1363.96	111
1362.06	98
1360.16	99
1358.26	98
1356.36	97
1354.46	108
1352.56	117
1350.66	102
1348.75	107
1346.85	113
1344.95	102
1343.04	117
1341.14	107
1339.23	96
1337.32	107
1335.42	107
1333.51	113
1331.6	94
1329.69	104
1327.78	118
1325.86	90
1323.95	101
1322.04	109
1320.13	98
1318.21	117
1316.3	101
1314.38	107
1312.46	107
1310.55	107
1308.63	95
1306.71	103
1304.79	104
1302.87	104
1300.95	98
1299.03	102
1297.1	102
1295.18	98
1293.26	112
1291.33	105
1289.41	117
1287.48	119
1285.55	95
1283.63	100
1281.7	97
1279.77	107
1277.84	108
1275.91	92
1273.98	104
1272.05	121
1270.11	94
1268.18	98
1266.24	96
1264.31	100
1262.37	99
1260.44	103
1258.5	113
1256.56	102
1254.62	86
1252.68	92
1250.74	98
1248.8	111
1246.86	103
1244.92	103
1242.98	118
1241.03	97
1239.09	106
1237.14	96
1235.2	96
1233.25	93
1231.3	95
1229.35	105
1227.4	102
1225.45	102
1223.5	101
1221.55	90
1219.6	105
1217.65	95
1215.69	97
1213.74	93
1211.78	93
1209.83	89
1207.87	96
1205.91	89
1203.96	95
1202	85
1200.04	93
1198.08	102
1196.12	97
1194.15	94
1192.19	109
1190.23	91
1188.26	91
1186.3	93
1184.33	107
1182.37	89
1180.4	100
1178.43	92
1176.46	99
1174.49	110
1172.52	95
1170.55	104
1168.58	94
1166.61	88
1164.64	93
1162.66	108
1160.69	98
1158.71	105
1156.73	104
1154.76	89
1152.78	100
1150.8	99
1148.82	95
1146.84	94
1144.86	101
1142.88	104
1140.9	92
1138.91	94
1136.93	117
1134.95	91
1132.96	90
1130.97	98
1128.99	111
1127	99
1125.01	100
1123.02	103
1121.03	93
1119.04	94
1117.05	102
1115.06	100
1113.07	108
1111.07	91
1109.08	105
1107.08	111
1105.09	94
1103.09	90
1101.09	106
1099.09	111
1097.09	118
1095.09	99
1093.09	109
1091.09	103
1089.09	96
1087.09	107
1085.08	104
1083.08	109
1081.07	106
1079.07	108
1077.06	114
1075.05	98
1073.04	101
1071.03	93
1069.02	90
1067.01	97
1065	105
1062.99	103
1060.98	105
1058.96	107
1056.95	113
1054.93	93
1052.92	92
1050.9	97
1048.88	102
1046.86	93
1044.84	103
1042.82	98
1040.8	99
1038.78	105
1036.76	89
1034.74	92
1032.71	95
1030.69	100
1028.66	109
1026.64	107
1024.61	104
1022.58	112
1020.55	100
1018.52	105
1016.49	96
1014.46	94
1012.43	94
1010.4	116
1008.36	87
1006.33	100
1004.29	91
1002.26	113
1000.22	102
998.184	92
996.146	106
994.108	114
992.068	87
990.028	103
987.986	102
985.944	97
983.901	101
981.858	96
979.813	92
977.768	85
975.722	87
973.675	109
971.627	100
969.579	98
967.53	111
965.48	100
963.429	101
961.377	102
959.325	107
957.273	114
955.218	94
953.163	115
951.108	115
949.051	116
946.994	111
944.936	93
942.878	116
940.818	110
938.758	102
936.697	106
934.634	117
932.572	96
930.509	99
928.444	101
926.379	101
924.313	93
922.246	106
920.179	112
918.111	87
916.041	93
913.972	103
911.901	103
909.829	100
907.757	96
905.684	101
903.61	98
901.535	108
899.46	106
897.383	96
895.306	109
893.228	95
891.149	106
889.069	95
886.989	90
884.908	117
882.826	88
880.743	117
878.659	106
876.575	95
874.49	105
872.403	106
870.317	107
868.229	111
866.141	80
864.051	109
861.961	95
859.87	86
857.779	110
855.685	100
853.592	95
851.498	90
849.403	105
847.307	121
845.211	82
843.113	86
841.015	113
838.916	91
836.816	103
834.715	99
832.613	95
830.511	95
828.408	80
826.304	108
824.199	104
822.093	110
819.987	102
817.879	86
815.771	92
813.663	86
811.553	91
809.442	99
807.331	93
805.218	92
803.105	101
800.992	94
798.877	100
796.761	95
794.645	96
792.527	101
790.41	81
788.291	90
786.171	80
784.051	92
781.929	79
779.807	103
777.684	95
775.56	98
773.436	86
771.31	94
769.184	102
767.057	84
764.929	101
762.8	99
760.67	83
758.54	91
756.409	102
754.277	83
752.143	80
750.01	78
747.875	90
745.74	81
743.603	82
741.466	86
739.328	85
737.189	97
735.049	81
732.909	95
730.768	95
728.626	85
726.483	73
724.339	81
722.194	88
720.049	74
717.903	83
715.755	97
713.607	111
711.458	70
709.308	93
707.158	84
705.007	83
702.855	92
700.701	105
698.548	85
696.393	88
694.237	88
692.081	92
689.923	75
687.765	103
685.606	66
683.446	86
681.286	76
679.124	82
676.962	82
674.798	89
672.635	79
670.469	86
668.304	81
666.137	85
663.969	85
661.801	80
659.632	83
657.462	85
655.291	97
653.119	57
650.947	82
648.773	88
646.599	77
644.424	89
642.248	87
640.071	79
637.893	78
635.714	101
633.535	75
631.354	80
629.173	88
626.992	93
624.809	85
622.625	96
620.44	92
618.255	82
616.069	79
613.882	77
611.694	70
609.505	56
607.315	77
605.124	62
602.933	67
600.741	61
598.548	80
596.354	75
594.158	67
591.963	66
589.766	83
587.569	82
585.37	80
583.171	90
580.971	81
578.769	86
576.569	73
574.365	76
572.161	69
569.957	75
567.752	79
565.545	81
563.339	88
561.13	91
558.922	80
556.712	72
554.502	67
552.291	80
550.078	74
547.865	80
545.651	90
543.436	82
541.22	92
539.004	69
536.787	86
534.568	85
532.349	63
530.128	78
527.907	75
525.686	81
523.463	79
521.239	86
519.015	91
516.789	64
514.563	79
512.335	68
510.107	53
507.879	76
505.648	72
503.418	64
501.186	62
498.954	79
496.721	58
494.486	80
492.251	68
490.015	87
487.778	60
485.541	73
483.302	62
481.063	76
478.822	66
476.581	78
474.338	73
472.096	73
469.851	78
467.607	95
465.361	81
463.114	71
460.867	65
458.618	79
456.369	80
454.119	73
451.868	86
449.616	83
447.363	78
445.11	90
442.854	103
440.599	89
438.343	96
436.085	81
433.827	81
431.568	84
429.308	79
427.047	84
424.786	93
422.522	79
420.259	88
417.994	74
415.729	88
413.463	85
411.196	90
408.927	90
406.658	91
404.389	100
402.118	85
399.846	91
397.573	75
395.3	84
393.025	92
390.75	83
388.474	98
386.196	90
383.919	88
381.64	92
379.36	86
377.08	81
374.798	97
372.515	84
370.231	92
367.947	91
365.662	99
363.376	89
361.089	100
358.801	102
356.511	86
354.222	106
351.931	91
349.639	92
347.347	95
345.053	93
342.759	95
340.463	108
338.167	82
335.871	86
333.572	79
331.273	82
328.974	80
326.673	93
324.371	77
322.068	94
319.765	93
317.46	86
315.154	83
312.849	97
310.541	99
308.233	81
305.924	91
303.614	82
301.303	89
298.992	90
296.679	85
294.365	82
292.051	91
289.734	87
287.418	99
285.101	93
282.783	75
280.463	100
278.144	94
275.822	90
273.5	95
271.178	86
268.853	84
266.529	87
264.203	81
261.876	84
259.548	81
257.22	102
254.891	78
252.561	97
250.229	88
247.897	81
245.564	99
243.23	95
240.895	93
238.559	94
236.222	77
233.884	98
231.545	72
229.206	91
226.865	87
224.524	73
222.181	95
219.838	104
217.493	102
215.148	84
212.802	99
210.455	100
208.106	86
205.758	95
203.407	90
201.056	80
198.705	94
196.351	95
193.997	98
191.643	91
189.288	100
186.931	85
184.574	102
182.214	95
179.855	90
177.495	82
175.134	81
172.771	85
170.408	80
168.044	95
165.679	95
163.312	99
160.946	91
158.578	94
156.208	86
153.838	80
151.468	86
149.097	98
146.724	101
144.349	97
141.975	78
139.599	77
137.223	91
134.846	87
132.467	85
130.088	91
127.707	95
125.326	80
122.944	98
120.56	83
118.177	90
115.791	98
113.405	86
111.018	99
108.63	76
106.241	81
103.851	97
101.46	87
99.0686	76
96.675	96
94.2815	73
91.8872	91
89.4909	84
87.0947	80
84.6966	90
82.2976	89
79.8987	68
77.4979	92
75.0962	84
72.6935	77
70.29	77
67.8855	92
65.4801	90
63.0739	64
60.6667	65
58.2586	49
55.8495	82
53.4386	59
51.0278	58
48.616	55
46.2023	53
43.7887	53
41.3732	38
38.9568	51
36.5404	44
34.1222	45
31.703	37
29.2829	41
26.8618	32
24.4399	42
22.017	49
19.5932	33
17.1685	41
14.7429	36
12.3153	31
9.88782	37
7.4594	49
5.02907	31
2.5988	30
0.166609	42
-2.26552	43
-4.69956	41
-7.13454	50
-9.57045	47
-12.0063	33
-14.4441	46
-16.8828	45
-19.3224	27
-21.763	42
-24.2045	29
-26.6479	45
-29.0913	43
-31.5356	40
-33.9808	37
-36.428	43
-38.8751	49
-41.3241	30
-43.7731	52
-46.224	33
-48.6749	32
-51.1277	31
-53.5814	35
-56.0361	44
-58.4907	43
-60.9473	40
-63.4048	40
-65.8633	40
-68.3227	24
-70.783	54
-73.2453	30
-75.7075	36
-78.1707	40
-80.6348	34
-83.1009	61
-85.5669	37
-88.0349	32
-90.5028	40
-92.9727	33
-95.4425	39
-97.9143	35
-100.387	32
-102.861	38
-105.334	35
-107.81	42
-110.286	28
-112.764	40
-115.242	27
-117.722	28
-120.203	43
-122.684	44
-125.167	42
-127.65	38
-130.135	28
-132.62	22
-135.106	28
-137.594	53
-140.082	37
-142.572	34
-145.063	29
-147.554	28
-150.047	31
-152.541	31
-155.036	33
-157.532	45
-160.028	36
-162.526	34
-165.025	38
-167.525	31
-170.025	41
-172.527	40
-175.029	31
-177.534	35
-180.038	34
-182.544	45
-185.051	40
-187.559	32
-190.068	46
-192.577	25
-195.089	35
-197.6	30
-200.113	36
-202.628	37
-205.143	37
-207.659	34
-210.176	37
-212.694	34
-215.213	35
-217.734	43
-220.255	35
-222.777	43
-225.3	43
-227.824	42
-230.349	44
-232.876	34
-235.403	38
-237.932	30
-240.461	39
-242.992	38
-245.523	51
-248.056	41
-250.589	43
-253.124	40
-255.66	49
-258.197	42
-260.734	43
-263.273	50
-265.813	36
-268.354	27
-270.896	37
-273.439	38
-275.982	37
-278.527	40
-281.074	44
-283.621	25
-286.169	43
-288.718	41
-291.269	48
-293.82	34
-296.372	29
-298.925	48
-301.48	21
-304.035	42
-306.592	45
-309.15	31
-311.708	40
-314.268	33
-316.828	43
-319.39	35
-321.953	38
-324.517	28
-327.082	39
-329.648	26
-332.215	46
-334.783	37
-337.352	46
-339.922	28
-342.493	27
-345.066	41
-347.639	37
-350.213	37
-352.789	44
-355.365	24
-357.943	43
-360.521	35
-363.101	41
-365.681	34
-368.263	18
-370.847	24
-373.431	40
-376.015	27
-378.601	35
-381.188	39
-383.777	32
-386.366	28
-388.956	34
-391.548	22
-394.14	24
-396.733	34
-399.328	30
-401.923	35
-404.521	21
-407.118	50
-409.717	37
-412.317	41
-414.918	42
-417.52	43
-420.123	45
-422.727	21
-425.332	37
-427.939	41
-430.546	42
-433.155	37
-435.764	27
-438.374	31
-440.986	35
-443.599	27
-446.213	29
-448.828	18
-451.444	28
-454.061	44
-456.68	32
-459.299	43
-461.919	39
-464.54	48
-467.163	30
-469.786	32
-472.411	40
-475.037	30
-477.663	44
-480.292	35
-482.92	26
-485.551	32
-488.182	43
-490.814	36
-493.447	42
-496.082	45
-498.717	34
-501.354	40
-503.992	22
-506.63	37
-509.27	31
-511.911	45
-514.553	42
-517.197	43
-519.841	31
-522.486	36
-525.133	41
-527.78	43
-530.429	40
-533.078	20
-535.729	32
-538.381	39
-541.034	36
-543.688	44
-546.343	40
-548.999	42
-551.657	34
-554.316	30
-556.975	46
-559.636	34
-562.297	35
-564.961	43
-567.625	43
-570.29	39
-572.956	35
-575.623	28
-578.292	42
-580.961	42
-583.632	38
-586.303	32
-588.976	32
-591.65	25
-594.326	39
-597.002	31
-599.679	44
-602.358	32
-605.037	35
-607.718	38
-610.399	22
-613.082	34
-615.767	36
-618.452	40
-621.138	41
-623.825	21
-626.514	45
-629.203	32
-631.893	44
-634.586	47
-637.278	41
-639.973	33
-642.667	30
-645.364	26
-648.061	42
-650.76	35
-653.46	39
-656.16	15
-658.862	41
-661.566	39
-664.269	40
-666.974	30
-669.681	30
-672.389	41
-675.097	42
-677.807	42
-680.518	39
-683.23	25
-685.943	41
-688.658	37
-691.373	37
-694.089	34
-696.807	25
-699.526	49
-702.245	25
-704.966	27
-707.689	27
-710.412	37
-713.136	21
-715.863	37
-718.589	30
-721.317	52
-724.046	35
-726.776	47
-729.508	41
-732.24	29
-734.974	36
-737.709	36
-740.444	34
-743.182	43
-745.919	31
-748.659	38
-751.399	36
-754.141	35
-756.883	40
-759.627	44
-762.372	23
-765.119	34
-767.866	42
-770.615	32
-773.365	22
-776.115	30
-778.867	43
-781.62	25
-784.375	46
-787.13	37
-789.886	29
-792.644	38
-795.402	39
-798.162	41
-800.924	23
-803.686	47
-806.449	15
-809.215	44
-811.98	47
-814.747	40
-817.516	46
-820.284	36
-823.054	24
-825.827	46
-828.599	42
-831.373	39
-834.149	40
-836.924	20
-839.702	39
-842.48	35
-845.26	40
-848.042	26
-850.823	36
-853.606	48
-856.391	26
-859.177	36
-861.963	33
-864.751	28
-867.54	26
-870.331	43
-873.122	20
-875.915	47
-878.709	46
-881.504	43
-884.3	32
-887.097	32
-889.895	22
-892.695	43
-895.496	34
-898.298	42
-901.101	32
-903.905	35
-906.711	32
-909.518	29
-912.325	43
-915.134	28
-917.945	48
-920.756	40
-923.569	29
-926.383	30
-929.198	34
-932.013	38
-934.831	40
-937.649	33
-940.47	45
-943.29	47
-946.113	39
-948.936	34
-951.761	33
-954.586	35
-957.413	18
-960.242	40
-963.07	39
-965.901	25
-968.733	38
-971.565	29
-974.399	28
-977.235	40
-980.072	37
-982.908	31
-985.747	37
-988.588	30
-991.429	30
-994.271	31
-997.115	34
-999.96	35
-1002.81	35
-1005.65	31
-1008.5	38
-1011.35	39
-1014.2	42
-1017.05	24
-1019.91	36
-1022.76	41
-1025.62	28
-1028.47	27
-1031.33	34
-1034.19	46
-1037.05	29
-1039.91	38
-1042.78	32
-1045.64	35
-1048.51	17
-1051.37	27
-1054.24	29
-1057.11	42
-1059.98	32
-1062.85	37
-1065.72	24
-1068.6	29
-1071.47	37
-1074.35	20
-1077.23	33
-1080.11	50
-1082.99	51
-1085.87	35
-1088.75	32
-1091.63	27
-1094.52	27
-1097.4	30
-1100.29	30
-1103.18	28
-1106.07	42
-1108.96	30
-1111.85	39
-1114.75	31
-1117.64	30
-1120.54	35
-1123.43	31
-1126.33	36
-1129.23	26
-1132.13	37
-1135.03	40
-1137.94	36
-1140.84	24
-1143.75	35
-1146.65	39
-1149.56	22
-1152.47	46
-1155.38	40
-1158.3	36
-1161.21	42
-1164.12	37
-1167.04	31
-1169.96	40
-1172.87	44
-1175.79	35
-1178.71	33
-1181.64	48
-1184.56	32
-1187.48	32
-1190.41	42
-1193.33	37
-1196.26	30
-1199.19	40
-1202.12	34
-1205.06	29
-1207.99	27
-1210.92	39
-1213.86	38
-1216.8	41
-1219.73	35
-1222.67	30
-1225.61	36
-1228.55	33
-1231.5	39
-1234.44	42
-1237.39	25
-1240.33	32
-1243.28	41
-1246.23	32
-1249.18	35
-1252.14	33
-1255.09	26
-1258.04	37
-1261	34
-1263.96	46
-1266.91	35
-1269.87	23
-1272.83	35
-1275.8	33
-1278.76	47
-1281.72	38
-1284.69	20
-1287.66	24
-1290.62	53
-1293.59	42
-1296.57	29
-1299.54	34
-1302.51	36
-1305.49	43
-1308.46	19
-1311.44	33
-1314.42	35
-1317.4	28
-1320.38	30
-1323.36	18
-1326.34	31
-1329.33	20
-1332.32	34
-1335.3	37
-1338.29	21
-1341.28	42
-1344.27	36
-1347.27	41
-1350.26	37
-1353.26	35
-1356.25	27
-1359.25	30
-1362.25	45
-1365.25	15
-1368.25	42
-1371.25	30
-1374.26	33
-1377.26	29
-1380.27	44
-1383.28	23
-1386.29	39
-1389.3	41
-1392.31	15
