2745.93	366.6
2744.54	366.4
2743.15	376.6
2741.77	370.4
2740.38	370.4
2738.99	374.4
2737.6	370.6
2736.21	370.4
2734.82	381.2
2733.43	390
2732.04	383.8
2730.65	381.4
2729.26	386.8
2727.87	387.4
2726.47	385.6
2725.08	384.2
2723.69	388.4
2722.29	383.8
2720.9	384.6
2719.5	389.8
2718.11	388.2
2716.71	387.4
2715.32	389
2713.92	388.2
2712.52	397.2
2711.12	391.4
2709.72	396.8
2708.32	394.2
2706.92	393.4
2705.52	389.2
2704.12	399.6
2702.72	398.2
2701.32	407.8
2699.92	397
2698.52	401.6
2697.11	404.4
2695.71	407.8
2694.3	400.2
2692.9	405.8
2691.49	418.6
2690.09	409.2
2688.68	417
2687.28	412
2685.87	421.6
2684.46	423.2
2683.05	416
2681.64	416.2
2680.23	408.4
2678.82	402.6
2677.41	425
2676	415.2
2674.59	429.6
2673.18	419.4
2671.77	418
2670.35	424.2
2668.94	425.4
2667.53	423.8
2666.11	422.6
2664.7	423.6
2663.28	415
2661.87	423.8
2660.45	425.6
2659.03	432.6
2657.62	428.4
2656.2	437
2654.78	450.4
2653.36	447.4
2651.94	438.4
2650.52	439.8
2649.1	434.8
2647.68	443.4
2646.26	453.2
2644.83	441.2
2643.41	457.8
2641.99	450.4
2640.57	448.4
2639.14	445.8
2637.72	442
2636.29	464.2
2634.87	457.6
2633.44	451.8
2632.01	450.4
2630.59	458.8
2629.16	460
2627.73	462.4
2626.3	464.6
2624.87	461.8
2623.44	472.2
2622.01	466.6
2620.58	464.2
2619.15	461.8
2617.72	463.4
2616.28	473.4
2614.85	474.2
2613.42	467.6
2611.98	468
2610.55	472
2609.11	466.8
2607.68	473.2
2606.24	480
2604.81	470.2
2603.37	480.2
2601.93	477.4
2600.49	477.4
2599.05	480
2597.62	485
2596.18	484.8
2594.73	479
2593.29	491.4
2591.85	492.6
2590.41	484
2588.97	479.6
2587.53	491.6
2586.08	492.8
2584.64	497.2
2583.19	488.4
2581.75	494.2
2580.3	493.4
2578.86	492.6
2577.41	505.6
2575.96	502
2574.52	499.2
2573.07	503.4
2571.62	500.6
2570.17	501.4
2568.72	503.6
2567.27	503.8
2565.82	513.2
2564.37	507
2562.92	516.2
2561.47	521.2
2560.01	513
2558.56	517.4
2557.1	509.8
2555.65	520.2
2554.2	512
2552.74	523.2
2551.28	520
2549.83	529.8
2548.37	524.2
2546.91	539.8
2545.46	532.2
2544	523.4
2542.54	534.6
2541.08	531.8
2539.62	537
2538.16	537.8
2536.7	548.6
2535.23	537.2
2533.77	533
2532.31	547
2530.85	545.2
2529.38	540
2527.92	538
2526.45	541.2
2524.99	539.4
2523.52	546.4
2522.05	539
2520.59	549.8
2519.12	558.6
2517.65	557.8
2516.18	562.6
2514.71	549.8
2513.24	554.8
2511.77	557.6
2510.3	556.4
2508.83	561.2
2507.36	560
2505.89	560
2504.41	566
2502.94	567
2501.47	566
2499.99	576
2498.52	554.8
2497.04	575.8
2495.56	573
2494.09	570.4
2492.61	577.4
2491.13	569.2
2489.65	571.8
2488.17	572
2486.69	564.6
2485.21	570
2483.73	568
2482.25	590
2480.77	577
2479.29	590.6
2477.81	582.2
2476.32	583.2
2474.84	594.4
2473.36	594.4
2471.87	585.6
2470.38	595
2468.9	590
2467.41	597.6
2465.93	603
2464.44	585.4
2462.95	604.2
2461.46	605.6
2459.97	602.4
2458.48	603.4
2456.99	608.6
2455.5	608.2
2454.01	614.2
2452.52	603.8
2451.03	602
2449.53	629.4
2448.04	613
2446.55	605
2445.05	621.4
2443.56	622.2
2442.06	600.2
2440.56	624.6
2439.07	614
2437.57	615.8
2436.07	624
2434.57	622.4
2433.07	634
2431.57	633
2430.07	632.2
2428.57	623.4
2427.07	629
2425.57	625.6
2424.07	637.8
2422.57	628.2
2421.06	631.2
2419.56	641.6
2418.05	637.4
2416.55	635.6
2415.04	636.4
2413.54	639
2412.03	637.2
2410.52	636.8
2409.02	645.6
2407.51	638.4
2406	646.2
2404.49	640
2402.98	648.6
2401.47	645.2
2399.96	646.2
2398.45	649.8
2396.93	661
2395.42	656.6
2393.91	648
2392.39	654.6
2390.88	659.6
2389.37	656.4
2387.85	651.6
2386.33	662.2
2384.82	675.6
2383.3	663.6
2381.78	662.4
2380.26	661.6
2378.75	666
2377.23	674.8
2375.71	689
2374.19	679.2
2372.66	676.2
2371.14	681.2
2369.62	673.4
2368.1	674.6
2366.58	675.8
2365.05	694
2363.53	689.8
2362	692
2360.48	688.2
2358.95	701.2
2357.42	699.8
2355.9	688.8
2354.37	689.8
2352.84	691.8
2351.31	701.2
2349.78	695.2
2348.25	701.4
2346.72	710
2345.19	712
2343.66	708.8
2342.13	706.2
2340.6	712.4
2339.06	715
2337.53	708.6
2335.99	719
2334.46	709.6
2332.92	721
2331.39	721
2329.85	724.8
2328.31	733.4
2326.78	720.6
2325.24	713
2323.7	732.6
2322.16	714.6
2320.62	734.6
2319.08	729.6
2317.54	724
2316	723
2314.45	716
2312.91	728.8
2311.37	731.6
2309.82	731.8
2308.28	734.6
2306.73	736
2305.19	733
2303.64	740.8
2302.09	733.8
2300.55	731.8
2299	743.6
2297.45	742
2295.9	737.2
2294.35	733.2
2292.8	739.6
2291.25	725.8
2289.7	734.4
2288.15	743.6
2286.6	738
2285.04	737.4
2283.49	733.4
2281.93	739.6
2280.38	744.8
2278.82	747.6
2277.27	743
2275.71	741.8
2274.15	763.4
2272.6	740.8
2271.04	755.2
2269.48	749.8
2267.92	741.8
2266.36	754.8
2264.8	755.2
2263.24	749.4
2261.68	752.2
2260.12	754.4
2258.55	760
2256.99	760.6
2255.43	763.2
2253.86	760
2252.3	775
2250.73	766.2
2249.16	743.8
2247.6	774.8
2246.03	773.4
2244.46	770.2
2242.89	761.8
2241.32	771.8
2239.76	765.8
2238.18	767.4
2236.61	775.8
2235.04	784
2233.47	784.2
2231.9	780.8
2230.32	774.6
2228.75	779.2
2227.18	771
2225.6	784
2224.03	785.4
2222.45	794
2220.87	797.6
2219.3	786.4
2217.72	796
2216.14	775
2214.56	790.6
2212.98	798.6
2211.4	792.8
2209.82	785.6
2208.24	804.6
2206.66	805.6
2205.08	804.4
2203.49	806.4
2201.91	797.6
2200.33	806.2
2198.74	800.8
2197.16	792.6
2195.57	809.8
2193.98	808.2
2192.4	818.2
2190.81	818.6
2189.22	803.8
2187.63	813
2186.04	817.6
2184.45	815
2182.86	816.4
2181.27	809.4
2179.68	810.6
2178.09	813
2176.49	827
2174.9	822.6
2173.31	816.8
2171.71	836.8
2170.12	830
2168.52	831.4
2166.92	834.8
2165.33	831.4
2163.73	829.6
2162.13	835
2160.53	835.2
2158.93	842.2
2157.33	831.6
2155.73	838.8
2154.13	861.6
2152.53	845.2
2150.93	849.8
2149.32	832.8
2147.72	844.6
2146.12	839.8
2144.51	846.4
2142.91	847.4
2141.3	864
2139.69	847.2
2138.09	873.4
2136.48	853.8
2134.87	854.2
2133.26	856.6
2131.65	860.8
2130.04	866.2
2128.43	858.6
2126.82	872.2
2125.21	875.4
2123.6	865.4
2121.98	861.8
2120.37	879.2
2118.76	871
2117.14	876.4
2115.53	872.6
2113.91	871.2
2112.29	876.2
2110.68	870
2109.06	887.2
2107.44	880.8
2105.82	882.2
2104.2	881.6
2102.58	902.4
2100.96	889.4
2099.34	897.4
2097.72	896.8
2096.09	894.6
2094.47	897.2
2092.85	899.2
2091.22	914.2
2089.6	901.6
2087.97	912
2086.35	907.6
2084.72	909.8
2083.09	916
2081.46	915.4
2079.83	908.2
2078.21	925
2076.58	925.4
2074.95	929.4
2073.32	934.8
2071.68	934.2
2070.05	927.4
2068.42	929.6
2066.79	932.8
2065.15	944.4
2063.52	951.8
2061.88	958
2060.25	951.6
2058.61	944.6
2056.97	936
2055.33	930.8
2053.7	952.4
2052.06	935.2
2050.42	943
2048.78	948.2
2047.14	957.2
2045.5	947.4
2043.85	952.4
2042.21	957
2040.57	956
2038.93	960
2037.28	962.2
2035.64	960
2033.99	974
2032.34	967.6
2030.7	984.2
2029.05	989
2027.4	980.2
2025.75	984.8
2024.1	987.2
2022.45	988
2020.8	960.4
2019.15	997.6
2017.5	982.6
2015.85	997.6
2014.2	990.6
2012.54	988.6
2010.89	1004.4
2009.23	1003.2
2007.58	1015
2005.92	1016.2
2004.27	1017.8
2002.61	1003.2
2000.95	1016
1999.29	1018
1997.63	1032
1995.97	1033.4
1994.31	1023.8
1992.65	1025.8
1990.99	1042.2
1989.33	1037.4
1987.67	1044.2
1986	1038.6
1984.34	1045.2
1982.68	1043.2
1981.01	1053.8
1979.34	1065.6
1977.68	1058.6
1976.01	1056
1974.34	1056.8
1972.68	1063
1971.01	1047.6
1969.34	1060.6
1967.67	1080.2
1966	1087
1964.33	1091.4
1962.65	1087.8
1960.98	1096.4
1959.31	1091.8
1957.63	1095
1955.96	1093.4
1954.28	1109.6
1952.61	1093.2
1950.93	1092
1949.26	1078.4
1947.58	1105
1945.9	1103.4
1944.22	1077.6
1942.54	1111.6
1940.86	1111.8
1939.18	1113.8
1937.5	1116
1935.82	1122.4
1934.13	1110.4
1932.45	1103.8
1930.77	1114.4
1929.08	1107.8
1927.4	1113.2
1925.71	1132
1924.03	1123
1922.34	1131.6
1920.65	1124.4
1918.96	1121.8
1917.27	1125.8
1915.58	1133.8
1913.89	1116.6
1912.2	1122.8
1910.51	1139
1908.82	1143.8
1907.13	1140.4
1905.43	1132.2
1903.74	1130.4
1902.05	1136.2
1900.35	1140.4
1898.66	1154.6
1896.96	1149.4
1895.26	1157
1893.56	1155.6
1891.87	1149.4
1890.17	1163.4
1888.47	1153.2
1886.77	1153.6
1885.07	1154.8
1883.37	1161.6
1881.66	1160
1879.96	1174.6
1878.26	1175
1876.55	1160.4
1874.85	1174.2
1873.14	1174.4
1871.44	1192.8
1869.73	1153.2
1868.02	1160
1866.32	1169.8
1864.61	1169.8
1862.9	1161
1861.19	1177.8
1859.48	1179.6
1857.77	1183.4
1856.06	1185.8
1854.34	1178.4
1852.63	1176.8
1850.92	1193.2
1849.2	1187.8
1847.49	1189.8
1845.77	1190.4
1844.06	1184.8
1842.34	1175.4
1840.62	1188.2
1838.9	1207.6
1837.19	1175.6
1835.47	1193.4
1833.75	1183.2
1832.03	1192.2
1830.31	1192
1828.58	1199.4
1826.86	1197.4
1825.14	1188.2
1823.41	1200.8
1821.69	1187
1819.96	1196
1818.24	1193.6
1816.51	1195.6
1814.78	1201.4
1813.06	1221.8
1811.33	1207
1809.6	1204.2
1807.87	1223.2
1806.14	1198.2
1804.41	1200
1802.68	1218.6
1800.95	1192.4
1799.21	1221.4
1797.48	1206.8
1795.75	1221.6
1794.01	1217
1792.28	1200.2
1790.54	1221.4
1788.8	1214
1787.06	1232.6
1785.33	1216.6
1783.59	1207.2
1781.85	1225.4
1780.11	1216.8
1778.37	1216.6
1776.63	1214.6
1774.88	1222.2
1773.14	1223
1771.4	1239.6
1769.66	1227.8
1767.91	1229.2
1766.17	1225
1764.42	1236.2
1762.67	1233
1760.93	1237.4
1759.18	1253.4
1757.43	1239.6
1755.68	1240.4
1753.93	1260.2
1752.18	1247
1750.43	1253.8
1748.68	1263.2
1746.93	1255.2
1745.17	1242.4
1743.42	1249.6
1741.66	1268.6
1739.91	1257.8
1738.15	1280.8
1736.4	1249.4
1734.64	1259.2
1732.88	1268.6
1731.12	1271.6
1729.36	1295.8
1727.61	1289.4
1725.84	1265.6
1724.08	1283.4
1722.32	1274.8
1720.56	1284.4
1718.8	1267
1717.03	1279.4
1715.27	1278.4
1713.5	1272.2
1711.74	1289.8
1709.97	1284.2
1708.21	1295.8
1706.44	1278.6
1704.67	1284
1702.9	1287
1701.13	1296.2
1699.36	1300.8
1697.59	1293.6
1695.82	1293
1694.05	1306.6
1692.27	1291.8
1690.5	1294.6
1688.73	1299.6
1686.95	1302.8
1685.18	1286.8
1683.4	1301.8
1681.62	1303.6
1679.84	1294
1678.07	1318.2
1676.29	1308.8
1674.51	1313.6
1672.73	1312.4
1670.95	1301
1669.16	1310.8
1667.38	1295.2
1665.6	1308.2
1663.82	1308
1662.03	1301.2
1660.25	1313.6
1658.46	1306.2
1656.68	1310.8
1654.89	1317.4
1653.1	1321
1651.31	1313.6
1649.52	1320.2
1647.73	1302.6
1645.94	1317
1644.15	1305
1642.36	1319.6
1640.57	1314.4
1638.78	1319.6
1636.98	1302.8
1635.19	1314
1633.39	1304.6
1631.6	1326.2
1629.8	1320.4
1628	1310.4
1626.21	1303.6
1624.41	1321.2
1622.61	1304.4
1620.81	1312.2
1619.01	1304.6
1617.21	1314.8
1615.41	1331.8
1613.6	1309.6
1611.8	1314.4
1610	1328.4
1608.19	1345.6
1606.39	1333
1604.58	1338.4
1602.77	1325.4
1600.97	1310.6
1599.16	1340.2
1597.35	1344.8
1595.54	1328
1593.73	1349
1591.92	1343.8
1590.11	1350
1588.3	1357
1586.48	1344.6
1584.67	1353.6
1582.86	1338.4
1581.04	1346.6
1579.23	1350.6
1577.41	1356.4
1575.59	1340
1573.78	1339.8
1571.96	1330.8
1570.14	1338.6
1568.32	1344.8
1566.5	1361.8
1564.68	1348.4
1562.86	1361
1561.03	1358.8
1559.21	1353.8
1557.39	1336.6
1555.56	1349.8
1553.74	1358
1551.91	1347.8
1550.09	1354
1548.26	1350.8
1546.43	1347.2
1544.6	1352
1542.77	1359.8
1540.94	1345.2
1539.11	1362.6
1537.28	1356.8
1535.45	1344.6
1533.62	1352.4
1531.78	1347.2
1529.95	1350.2
1528.11	1363.8
1526.28	1352.6
1524.44	1358.2
1522.61	1346.2
1520.77	1349.8
1518.93	1337.4
1517.09	1350.8
1515.25	1359.4
1513.41	1336.6
1511.57	1346.4
1509.73	1355.4
1507.89	1352.4
1506.04	1355
1504.2	1351.6
1502.36	1350.2
1500.51	1353.2
1498.66	1353.4
1496.82	1348.6
1494.97	1353.4
1493.12	1357
1491.27	1362
1489.42	1381.6
1487.57	1370.6
1485.72	1359.8
1483.87	1348.4
1482.02	1377.2
1480.17	1375.2
1478.31	1377.2
1476.46	1357.4
1474.6	1364.4
1472.75	1366.8
1470.89	1368
1469.04	1392.8
1467.18	1375
1465.32	1380.6
1463.46	1378.2
1461.6	1387.4
1459.74	1389.4
1457.88	1392.6
1456.02	1398
1454.15	1374.2
1452.29	1398.8
1450.43	1379.4
1448.56	1404.2
1446.7	1401.2
1444.83	1390.6
1442.96	1394.8
1441.09	1394.6
1439.23	1373.4
1437.36	1386.4
1435.49	1382.2
1433.62	1393.2
1431.75	1409.2
1429.87	1407.4
1428	1381.2
1426.13	1390.2
1424.25	1397.4
1422.38	1405.8
1420.5	1408.8
1418.63	1382.4
1416.75	1387.2
1414.87	1385.8
1412.99	1403.2
1411.11	1399.8
1409.23	1399.8
1407.35	1403.2
1405.47	1416.8
1403.59	1400.8
1401.71	1383.8
1399.83	1389.8
1397.94	1385.6
1396.06	1387.6
1394.17	1404.4
1392.28	1376.2
1390.4	1377.6
1388.51	1382
1386.62	1384
1384.73	1369.4
1382.84	1379.2
1380.95	1363.4
1379.06	1365.4
1377.17	1377
1375.28	1368.2
1373.38	1348.2
1371.49	1352.8
1369.59	1345
1367.7	1334.4
1365.8	1349.6
1363.9	1346.2
1362.01	1331
1360.11	1339
1358.21	1337.8
1356.31	1330.4
1354.41	1327.8
1352.51	1315.8
1350.61	1307.8
1348.7	1289.2
1346.8	1317.6
1344.89	1287.8
1342.99	1296.2
1341.08	1286
1339.18	1278.2
1337.27	1268.4
1335.36	1271.8
1333.45	1252.8
1331.54	1260
1329.63	1246.2
1327.72	1250
1325.81	1248.6
1323.9	1232.4
1321.99	1230
1320.07	1221
1318.16	1227
1316.24	1237.2
1314.33	1217
1312.41	1204.4
1310.49	1214
1308.58	1221.8
1306.66	1201.8
1304.74	1195
1302.82	1175.6
1300.9	1178.2
1298.97	1194
1297.05	1186.8
1295.13	1168.6
1293.2	1182.2
1291.28	1182.6
1289.35	1181.2
1287.43	1172
1285.5	1173.6
1283.57	1171
1281.65	1179.8
1279.72	1172.4
1277.79	1166.4
1275.86	1156.2
1273.92	1154
1271.99	1168
1270.06	1155.8
1268.13	1170.4
1266.19	1167.2
1264.26	1165.8
1262.32	1181.4
1260.38	1165.4
1258.45	1158
1256.51	1173.8
1254.57	1182.8
1252.63	1176
1250.69	1178.2
1248.75	1160.6
1246.81	1180.2
1244.87	1169.4
1242.92	1161
1240.98	1169.8
1239.03	1170.6
1237.09	1157.2
1235.14	1159
1233.2	1166.4
1231.25	1151.2
1229.3	1153.6
1227.35	1152
1225.4	1152.4
1223.45	1150.8
1221.5	1148
1219.55	1147
1217.59	1144.6
1215.64	1146.2
1213.69	1138.8
1211.73	1141.8
1209.77	1151.6
1207.82	1150.8
1205.86	1132.2
1203.9	1151.8
1201.94	1138.8
1199.98	1132
1198.02	1124.8
1196.06	1124
1194.1	1140.2
1192.14	1126.8
1190.17	1145.8
1188.21	1123.6
1186.25	1134.2
1184.28	1129.2
1182.31	1138
1180.35	1135.2
1178.38	1128
1176.41	1130.2
1174.44	1133.8
1172.47	1125.8
1170.5	1128.2
1168.53	1118
1166.55	1125.4
1164.58	1113.2
1162.61	1111.2
1160.63	1122.2
1158.66	1108.4
1156.68	1096.6
1154.7	1110.2
1152.73	1111.2
1150.75	1119
1148.77	1114.8
1146.79	1118.6
1144.81	1112.2
1142.83	1108.2
1140.84	1117.8
1138.86	1109.6
1136.88	1117.8
1134.89	1118.4
1132.91	1113.4
1130.92	1112.6
1128.93	1130.6
1126.95	1118.8
1124.96	1132.2
1122.97	1128.8
1120.98	1127.8
1118.99	1124.4
1117	1133.6
1115	1140
1113.01	1138.2
1111.02	1141.2
1109.02	1146
1107.03	1148
1105.03	1157.4
1103.03	1147.4
1101.04	1145.2
1099.04	1155.8
1097.04	1145.2
1095.04	1152.2
1093.04	1155.2
1091.04	1156.6
1089.04	1165.4
1087.03	1162.4
1085.03	1165
1083.02	1156.6
1081.02	1179.6
1079.01	1179
1077	1160.2
1075	1179.4
1072.99	1178.4
1070.98	1178.2
1068.97	1188.6
1066.96	1176.4
1064.95	1179.2
1062.94	1185.4
1060.92	1191.4
1058.91	1197.8
1056.89	1192.4
1054.88	1191.6
1052.86	1190.2
1050.84	1193.8
1048.83	1217.8
1046.81	1223.4
1044.79	1203.2
1042.77	1210.8
1040.75	1231.2
1038.73	1216.4
1036.7	1215.6
1034.68	1201.2
1032.66	1203.6
1030.63	1219.8
1028.61	1234.6
1026.58	1229.6
1024.55	1246.8
1022.52	1251.2
1020.5	1252.6
1018.47	1244.4
1016.44	1263.8
1014.41	1275
1012.37	1249.8
1010.34	1260.6
1008.31	1252.8
1006.27	1255.4
1004.24	1259.4
1002.2	1257.6
1000.17	1269.8
998.129	1273.8
996.091	1285
994.052	1276.8
992.012	1271.6
989.972	1272.4
987.931	1285.6
985.889	1279.8
983.845	1283
981.802	1278.4
979.757	1297.8
977.712	1287
975.666	1295.4
973.619	1301.6
971.572	1311.4
969.524	1316.8
967.475	1329.8
965.424	1326.8
963.373	1335.8
961.322	1304.8
959.269	1332.8
957.217	1335.6
955.162	1347.2
953.107	1335.6
951.052	1339.8
948.996	1326.6
946.939	1333.4
944.881	1339.4
942.821	1331.6
940.762	1335
938.702	1360.2
936.641	1342
934.579	1358.4
932.516	1336.8
930.452	1343.8
928.388	1361.4
926.324	1382
924.257	1368.6
922.19	1379
920.123	1371.4
918.055	1381.4
915.985	1372.2
913.915	1380
911.844	1373.8
909.773	1383.6
907.701	1366
905.628	1382.6
903.554	1375
901.479	1387.4
899.403	1386
897.327	1383
895.249	1396.8
893.172	1399.2
891.092	1400.8
889.013	1411
886.933	1401
884.851	1393
882.769	1406.6
880.686	1402
878.603	1406.4
876.518	1399.2
874.433	1393.4
872.347	1400.4
870.26	1424.4
868.173	1406.2
866.084	1414.4
863.994	1419.4
861.905	1402.8
859.814	1408.8
857.722	1419.8
855.629	1414.2
853.536	1413.4
851.441	1400.4
849.346	1399.4
847.251	1419.6
845.154	1387.4
843.056	1407
840.958	1391.8
838.859	1411
836.759	1400.4
834.658	1408.6
832.556	1418.2
830.454	1411.4
828.351	1405
826.246	1394.8
824.142	1404
822.036	1402
819.93	1400.8
817.822	1398.2
815.715	1415.8
813.605	1400
811.496	1386.8
809.385	1398.2
807.274	1379.8
805.161	1384.6
803.048	1395.6
800.934	1379.4
798.819	1366.6
796.704	1393.2
794.587	1383.8
792.47	1377.2
790.352	1376.6
788.233	1362.4
786.114	1356.8
783.993	1375.8
781.872	1382
779.749	1393.4
777.627	1365
775.503	1385.8
773.378	1381.2
771.252	1371.8
769.126	1396.6
766.999	1402.4
764.871	1381.8
762.742	1377.2
760.612	1364.2
758.482	1382.6
756.351	1383.8
754.219	1395.6
752.085	1385.6
749.952	1387.2
747.817	1386.8
745.682	1382.2
743.545	1374.2
741.408	1359.4
739.27	1385.2
737.131	1384.8
734.991	1377.2
732.851	1367.4
730.71	1346
728.568	1367.4
726.424	1341.8
724.281	1344.8
722.136	1340.4
719.991	1352.4
717.844	1472.4
715.697	1712.6
713.549	1401.8
711.4	1358.4
709.25	1349.8
707.1	1354.2
704.948	1351
702.796	1332.6
700.643	1340
698.489	1363.8
696.334	1348.6
694.179	1369.8
692.022	1375.4
689.865	1368.2
687.706	1353
685.547	1351
683.388	1339.2
681.227	1347.4
679.066	1346.8
676.903	1365.6
674.74	1342.2
672.576	1340.6
670.411	1348.4
668.245	1355.4
666.078	1370.2
663.911	1338.4
661.742	1359.6
659.573	1357.2
657.403	1347
655.232	1374.8
653.061	1372.2
650.888	1367.6
648.714	1369.6
646.54	1387.8
644.365	1384.4
642.189	1379.2
640.012	1387.2
637.834	1382
635.655	1387
633.476	1389.6
631.295	1396.6
629.114	1401.6
626.932	1395.6
624.75	1387
622.566	1400
620.381	1416.8
618.196	1396
616.009	1400.8
613.823	1403.4
611.635	1389
609.445	1396.6
607.256	1401.2
605.065	1383.4
602.873	1395.4
600.681	1397.2
598.488	1416
596.294	1388.4
594.099	1377.6
591.903	1406.2
589.706	1394.8
587.509	1384.6
585.311	1380
583.111	1369.8
580.911	1364.6
578.71	1376
576.508	1370.8
574.305	1363.2
572.102	1346.8
569.898	1374.2
567.692	1366.8
565.486	1367.4
563.279	1341
561.071	1382.6
558.862	1359.4
556.652	1367.6
554.442	1368
552.23	1371.6
550.019	1364.6
547.805	1380.6
545.591	1394.4
543.376	1378.6
541.16	1396.8
538.944	1387
536.726	1389.4
534.508	1405.8
532.288	1417.6
530.068	1403.2
527.847	1416.2
525.625	1427.8
523.403	1429.6
521.179	1434.2
518.954	1422.4
516.729	1438.6
514.503	1446.4
512.275	1442.6
510.047	1447.6
507.818	1450.6
505.588	1436.6
503.358	1471.8
501.126	1479
498.893	1470.6
496.66	1483.6
494.426	1480.8
492.191	1465
489.955	1489.4
487.718	1469.6
485.48	1467.8
483.242	1471.8
481.002	1485
478.761	1490
476.52	1496.2
474.278	1508.4
472.035	1502.4
469.791	1518.2
467.545	1504.6
465.3	1520.2
463.054	1518.6
460.806	1543.4
458.558	1548.2
456.308	1540.8
454.058	1532.6
451.807	1567.6
449.555	1556.4
447.302	1551.8
445.048	1561.8
442.794	1562.4
440.538	1581.4
438.282	1580
436.024	1588
433.766	1581.2
431.506	1586.6
429.246	1613.8
426.985	1625.6
424.724	1621
422.461	1631.6
420.197	1644.8
417.933	1654.6
415.667	1650.6
413.401	1687.2
411.134	1708.8
408.866	1722
406.597	1749
404.326	1785.2
402.056	1815.8
399.784	1884
397.512	1952
395.238	2004.6
392.964	2090.8
390.689	2140.8
388.412	2218.6
386.135	2316.8
383.857	2375.8
381.578	2425.4
379.298	2530.6
377.017	2669.2
374.736	2799.2
372.453	2963.8
370.169	3172.8
367.885	3252.8
365.599	3389
363.313	3502.4
361.026	3624.2
358.738	3755.8
356.449	3835.4
354.16	3936.4
351.869	4005
349.577	4115.4
347.285	4263.6
344.991	4362.4
342.697	4498
340.401	4656
338.105	4782
335.808	5021.2
333.509	5200.2
331.211	5253.2
328.91	5485.8
326.61	5634.6
324.308	5627.4
322.006	5932
319.702	6082
317.397	6047.2
315.092	6175.2
312.786	6300.4
310.479	6422.6
308.17	6610.8
305.862	6839
303.551	7279.8
301.24	7468.4
298.928	7695.2
296.616	7961.6
294.302	8155
291.987	8303
289.672	8576
287.356	8643.6
285.039	8805.6
282.72	9157.4
280.401	9464.8
278.08	9603.8
275.76	9558
273.437	10013.4
271.114	10931.8
268.791	10985.4
266.466	10843
264.14	11394.8
261.813	11243.6
259.486	11007.4
257.157	11568
254.828	11739.4
252.498	10867.2
250.166	10491.6
247.834	11116.2
245.501	11564.6
243.166	11422.2
240.832	11125.4
238.495	10974.8
236.158	10793.4
233.821	11349
231.482	11935.4
229.142	11471.6
226.801	10873.8
224.46	11309.4
222.117	11815.8
219.774	11806
217.43	11482.6
215.085	11616.8
212.738	12277
210.391	12526.6
208.043	12083.6
205.693	12240.4
203.344	13116.6
200.992	13485.8
198.64	13078
196.288	12717.2
193.934	13097
191.579	13625
189.223	13321.2
186.867	12754.6
184.509	12846.8
182.151	13126.8
179.791	13393.8
177.431	13521.8
175.069	13430.8
172.707	13254.4
170.344	13707.8
167.98	14255.4
165.615	14274.4
163.248	14197.8
160.881	14675
158.514	15400.8
156.145	15537.2
153.775	15025
151.404	15314.8
149.032	16283.4
146.659	17223.2
144.285	17995
141.911	18488.4
139.535	18552.6
137.158	18550
134.781	19160
132.403	20303
130.023	21031.6
127.643	21355.2
125.261	21987.8
122.879	23394.8
120.496	25253
118.111	27160.8
115.726	28823
113.34	30452.4
110.954	32591.2
108.565	35313.6
106.177	38552.8
103.786	42478.2
101.395	47418
99.0032	54106
96.6106	63430.6
94.2161	64524
91.8217	64524
89.4264	64524
87.0292	64524
84.632	64524
82.233	64524
79.8331	64524
77.4322	64524
75.0315	64524
72.6288	64524
70.2252	64524
67.8208	64524
65.4154	64524
63.0091	64524
60.6018	64524
58.1927	64524
55.7837	64524
53.3737	64524
50.9618	64524
48.5501	64524
46.1373	64524
43.7227	64524
41.3072	64524
38.8917	64524
36.4744	64524
34.0561	64524
31.6369	64524
29.2177	64524
26.7967	64524
24.3747	64524
21.9518	64524
19.527	64524
17.1022	64524
14.6766	64524
12.25	64524
9.82148	64524
7.39304	64524
4.96367	64524
2.53238	64524
0.101156	64524
-2.33199	64524
-4.76606	64524
-7.20007	64524
-9.636	64524
-12.0729	64524
-14.5107	64524
-16.9494	64524
-19.389	64524
-21.8296	64524
-24.2712	64524
-26.7136	64524
-29.157	64524
-31.6023	64524
-34.0476	64524
-36.4938	64524
-38.9419	64524
-41.39	64524
-43.84	64524
-46.29	64524
-48.7418	64524
-51.1947	64524
-53.6474	64524
-56.1021	64524
-58.5578	64524
-61.0144	64524
-63.4719	64524
-65.9304	64524
-68.3898	64524
-70.8502	64524
-73.3115	64524
-75.7738	64524
-78.238	64524
-80.7021	64524
-83.1672	64524
-85.6343	64524
-88.1012	59299.2
-90.5702	52797.6
-93.0391	47274.8
-95.5099	42727.2
-97.9817	38830
-100.453	35278.8
-102.927	32118.2
-105.402	29389.2
-107.877	26722
-110.354	24403.6
-112.832	22361.6
-115.31	20521.2
-117.789	18896.8
-120.27	17647.4
-122.751	16786
-125.234	15966.6
-127.718	15395.2
-130.202	14771.8
-132.688	14169.6
-135.174	13726.8
-137.662	13212.4
-140.15	12550.6
-142.64	11841.6
-145.13	11139.2
-147.622	10680
-150.115	10484
-152.609	10424.8
-155.103	10253.2
-157.599	9974.2
-160.096	9562.4
-162.593	9273.6
-165.092	9180.2
-167.592	9092.8
-170.092	8899.2
-172.595	8424.8
-175.098	7893.4
-177.601	7514.8
-180.107	7344.2
-182.612	7093
-185.119	6568.6
-187.627	5980.2
-190.135	5473.6
-192.646	5246.2
-195.157	5129
-197.669	5000.8
-200.182	4702.4
-202.696	4405
-205.21	4119.2
-207.727	3839.6
-210.244	3701.2
-212.762	3505.4
-215.281	3331.2
-217.802	3054.4
-220.323	2796.4
-222.845	2635.2
-225.369	2505.2
-227.893	2361.4
-230.418	2235
-232.944	2177.6
-235.472	2088.6
-238	2018.4
-240.53	1971.8
-243.06	1873.6
-245.592	1801.8
-248.124	1746.4
-250.658	1697.2
-253.193	1641.6
-255.728	1582.2
-258.265	1524
-260.803	1523.2
-263.342	1484.8
-265.882	1485
-268.423	1418.2
-270.965	1361.2
-273.508	1347.2
-276.052	1335.4
-278.597	1331.2
-281.143	1291.2
-283.69	1255.8
-286.238	1225.8
-288.787	1207.6
-291.338	1175.2
-293.889	1163.4
-296.441	1129.8
-298.995	1104.2
-301.55	1078.6
-304.105	1082.2
-306.662	1068.8
-309.218	1031
-311.777	1019
-314.337	1000.4
-316.898	993.6
-319.46	993.8
-322.023	995.4
-324.586	971.8
-327.151	941.2
-329.717	939.4
-332.285	918.8
-334.853	906.8
-337.422	892.8
-339.992	891.2
-342.563	871.4
-345.136	869.2
-347.709	849.8
-350.283	844.8
-352.859	833.4
-355.435	824.6
-358.013	808.8
-360.591	816
-363.171	801.4
-365.752	808
-368.334	794.8
-370.917	784.8
-373.5	766.2
-376.085	743.2
-378.672	741.8
-381.259	747.8
-383.847	736.2
-386.436	735.2
-389.027	731.8
-391.618	708
-394.211	713.8
-396.804	689.6
-399.398	689
-401.994	672.4
-404.591	675.8
-407.189	657.8
-409.787	653.8
-412.388	657.6
-414.989	641.2
-417.59	619.4
-420.194	640.4
-422.798	635.2
-425.403	619.6
-428.01	628.2
-430.617	611.8
-433.226	613.6
-435.836	614.2
-438.445	592.4
-441.057	583.8
-443.67	591
-446.284	585.2
-448.899	583.8
-451.516	579.4
-454.133	565
-456.751	563.4
-459.37	554.2
-461.99	560.6
-464.612	552
-467.234	552.2
-469.857	553.4
-472.483	547.8
-475.108	548
-477.735	555.2
-480.363	550.8
-482.992	551.8
-485.622	542.6
-488.253	555
-490.885	542.4
-493.519	556
-496.154	556.6
-498.789	552.6
-501.426	544
-504.064	545.2
-506.702	548.8
-509.342	547.2
-511.983	555.8
-514.625	551.2
-517.269	537.2
-519.913	531.2
-522.558	520.6
-525.205	530.4
-527.852	529.2
-530.501	536.2
-533.151	538.2
-535.801	539.8
-538.453	541.4
-541.106	537
-543.761	535
-546.416	524.2
-549.072	530.2
-551.73	526.2
-554.388	528
-557.047	535.4
-559.708	522.8
-562.37	520.2
-565.033	532.6
-567.697	524.8
-570.362	525.8
-573.029	524.8
-575.695	502
-578.364	513.4
-581.034	516.2
-583.705	508
-586.376	509.2
-589.049	517.2
-591.723	522.6
-594.398	513
-597.075	512
-599.752	517.6
-602.43	518
-605.11	504.8
-607.791	505.2
-610.472	509.2
-613.155	513
-615.84	499.2
-618.525	499
-621.211	507.4
-623.898	496.8
-626.587	500.4
-629.276	492.8
-631.966	491.8
-634.659	491.6
-637.351	480
-640.046	482.2
-642.741	486.8
-645.438	491.4
-648.134	499
-650.833	479.8
-653.533	482.6
-656.233	508
-658.936	492.6
-661.639	501.8
-664.342	502.4
-667.048	510
-669.755	495.6
-672.462	498.2
-675.171	500
-677.881	512.2
-680.592	514.8
-683.304	502.8
-686.017	512.6
-688.731	524.2
-691.447	514.2
-694.163	508
-696.881	508
-699.6	495.6
-702.319	484
-705.041	495.8
-707.763	494
-710.486	496.2
-713.21	504
-715.937	504.6
-718.663	498
-721.392	504.8
-724.12	493.2
-726.85	488.6
-729.582	495.4
-732.314	490.6
-735.048	491.6
-737.783	487.8
-740.519	500.2
-743.256	490.4
-745.995	502.4
-748.733	493
-751.474	485
-754.216	487.4
-756.958	478.2
-759.702	484.6
-762.447	484
-765.193	487.8
-767.941	492.8
-770.69	482.6
-773.439	503
-776.19	491
-778.942	480.6
-781.695	480
-784.449	476.6
-787.205	485.4
-789.961	479.4
-792.719	477.8
-795.477	473.8
-798.238	465.2
-800.999	456.8
-803.761	462.8
-806.525	466.2
-809.29	463.2
-812.055	443.8
-814.822	451.8
-817.591	452.8
-820.36	453.2
-823.131	449.8
-825.902	444
-828.675	443
-831.449	446.2
-834.224	439.6
-837	440.6
-839.778	440
-842.556	452.6
-845.336	436.4
-848.117	441.2
-850.898	445.8
-853.682	445.6
-856.467	455.6
-859.253	456.6
-862.04	448.6
-864.827	471
-867.616	465.4
-870.406	466
-873.198	479.4
-875.991	489.6
-878.784	502.8
-881.579	499.8
-884.376	515.6
-887.173	525.2
-889.971	520.6
-892.771	535.2
-895.572	517.6
-898.374	504.8
-901.177	503.4
-903.982	498.6
-906.787	502.6
-909.594	491.2
-912.402	497.6
-915.21	495.6
-918.022	505.6
-920.833	502
-923.645	507.8
-926.46	500.6
-929.274	501.6
-932.091	509.4
-934.908	532.8
-937.726	533
-940.546	540
-943.367	553.6
-946.19	566
-949.012	586.8
-951.837	594.4
-954.664	615.2
-957.49	638.4
-960.318	644.6
-963.147	635.4
-965.978	619.4
-968.81	608.2
-971.643	609.4
-974.476	634.6
-977.312	641.8
-980.149	644.4
-982.987	600
-985.824	627
-988.665	627.8
-991.506	650.4
-994.349	660.8
-997.193	645
-1000.04	645
-1002.88	655.4
-1005.73	647.2
-1008.58	635.8
-1011.43	636.8
-1014.28	626.4
-1017.13	635.6
-1019.99	646
-1022.84	653.4
-1025.7	640.2
-1028.55	633.4
-1031.41	624
-1034.27	626.8
-1037.13	616.8
-1039.99	620.4
-1042.85	629
-1045.72	644.2
-1048.58	649.6
-1051.45	640.6
-1054.32	605.2
-1057.19	604.2
-1060.06	625.2
-1062.93	639.4
-1065.8	654.6
-1068.68	624.2
-1071.55	612.4
-1074.43	638.2
-1077.3	629.6
-1080.18	623.8
-1083.06	612
-1085.95	610.6
-1088.83	618.2
-1091.71	608.6
-1094.6	613.4
-1097.48	598.2
-1100.37	610.2
-1103.26	615.2
-1106.15	625.4
-1109.04	621.4
-1111.93	614.8
-1114.82	621.2
-1117.72	634.2
-1120.61	633.4
-1123.51	637.8
-1126.41	627
-1129.31	632
-1132.21	614.2
-1135.11	616.2
-1138.02	646
-1140.92	676.2
-1143.83	703.4
-1146.73	727
-1149.64	739
-1152.55	767.2
-1155.46	774.2
-1158.37	798.4
-1161.29	860
-1164.2	913.6
-1167.12	982.6
-1170.03	1068
-1172.95	1178
-1175.87	1342.8
-1178.79	1545.4
-1181.71	1831.6
-1184.64	2226.2
-1187.56	2779.8
-1190.49	3402.8
-1193.42	4168.2
-1196.34	5016
-1199.27	5850
-1202.2	6629.6
-1205.13	7598.8
-1208.07	8864
-1211	9853.8
-1213.94	10524
-1216.87	11041.8
-1219.81	10993.6
-1222.75	11377
-1225.69	12622.4
-1228.63	14235.8
-1231.58	14379
-1234.52	14183.2
-1237.47	14759.6
-1240.42	15961
-1243.36	16795.8
-1246.31	17576
-1249.26	19139.4
-1252.22	21856
-1255.17	24017.2
-1258.12	25153.2
-1261.08	26145.4
-1264.04	24316
-1266.99	23634.6
-1269.95	21054.4
-1272.91	17467.6
-1275.88	13955.8
-1278.84	10952.4
-1281.8	7773.4
-1284.77	4973
-1287.74	2957
-1290.71	2100.6
-1293.68	1758.2
-1296.65	1561.2
-1299.62	1435.6
-1302.59	1303
-1305.57	1210.4
-1308.54	1191.4
-1311.52	1142.8
-1314.5	1118.4
-1317.48	1104.2
-1320.46	1075.2
-1323.44	1098.6
-1326.43	1071.4
-1329.41	1002.8
-1332.4	987.4
-1335.38	974.6
-1338.37	989.2
-1341.36	998
-1344.36	1002
-1347.35	981
-1350.34	977.6
-1353.34	987
-1356.33	1015.6
-1359.33	1018
-1362.33	1007.8
-1365.33	1070.2
-1368.33	1139.2
-1371.34	1126.4
-1374.34	1106.2
-1377.35	1125.4
-1380.35	1067.6
-1383.36	1010.8
-1386.37	962
-1389.38	807.8
-1392.39	684.4
