2745.93	969
2744.54	962.4
2743.15	951.8
2741.77	955
2740.38	967
2738.99	978.2
2737.6	974.6
2736.21	971.8
2734.82	992.4
2733.43	983.6
2732.04	995
2730.65	990
2729.26	980.8
2727.87	976.2
2726.47	977.2
2725.08	981.8
2723.69	968.8
2722.29	971.2
2720.9	968.4
2719.5	958.8
2718.11	950.4
2716.71	949.4
2715.32	937.2
2713.92	932.4
2712.52	940.4
2711.12	925.6
2709.72	940.2
2708.32	937.6
2706.92	946.8
2705.52	918.8
2704.12	939.4
2702.72	935.4
2701.32	924.8
2699.92	913.6
2698.52	919.2
2697.11	926.4
2695.71	929.2
2694.3	919
2692.9	923.8
2691.49	936.8
2690.09	924.2
2688.68	912.4
2687.28	918.4
2685.87	925.4
2684.46	917.6
2683.05	912
2681.64	910.6
2680.23	903.6
2678.82	900.6
2677.41	902.8
2676	893.2
2674.59	882.6
2673.18	889.4
2671.77	881.4
2670.35	884.8
2668.94	849.8
2667.53	885
2666.11	873.2
2664.7	864
2663.28	867.8
2661.87	856.6
2660.45	868.8
2659.03	891.6
2657.62	885
2656.2	868.8
2654.78	875.2
2653.36	900
2651.94	892
2650.52	883.6
2649.1	889.6
2647.68	882.2
2646.26	903.8
2644.83	884.4
2643.41	899.2
2641.99	885.4
2640.57	901.4
2639.14	885.8
2637.72	892.8
2636.29	882
2634.87	898.4
2633.44	893.8
2632.01	885.2
2630.59	881.8
2629.16	879.6
2627.73	869.8
2626.3	882.8
2624.87	869.2
2623.44	855.2
2622.01	853.8
2620.58	850.4
2619.15	852
2617.72	848.4
2616.28	843
2614.85	834.2
2613.42	828.8
2611.98	843.8
2610.55	822
2609.11	811.8
2607.68	795.8
2606.24	810.2
2604.81	810.2
2603.37	790.2
2601.93	811.4
2600.49	792.8
2599.05	789.4
2597.62	799.8
2596.18	779
2594.73	785.4
2593.29	780
2591.85	776.6
2590.41	795
2588.97	781.2
2587.53	788.4
2586.08	792.2
2584.64	776.6
2583.19	784.2
2581.75	779.6
2580.3	761.2
2578.86	774.6
2577.41	771.8
2575.96	777.2
2574.52	778.6
2573.07	766.8
2571.62	758.4
2570.17	762.4
2568.72	769.8
2567.27	773.2
2565.82	766.8
2564.37	754.2
2562.92	764
2561.47	751.4
2560.01	755.2
2558.56	761.6
2557.1	757.2
2555.65	763.4
2554.2	758.4
2552.74	771
2551.28	757.8
2549.83	775.4
2548.37	757.4
2546.91	786.4
2545.46	788.6
2544	780.8
2542.54	774
2541.08	778.6
2539.62	779.2
2538.16	788.2
2536.7	785
2535.23	785.6
2533.77	781.6
2532.31	779.2
2530.85	782.4
2529.38	796.2
2527.92	786.2
2526.45	790.8
2524.99	799.8
2523.52	806.6
2522.05	796
2520.59	795.8
2519.12	795.2
2517.65	807.4
2516.18	797.6
2514.71	789.8
2513.24	812.4
2511.77	791
2510.3	803.2
2508.83	811.2
2507.36	803.6
2505.89	794.2
2504.41	806.4
2502.94	809.6
2501.47	802.6
2499.99	809
2498.52	804.8
2497.04	816.6
2495.56	815.8
2494.09	806.4
2492.61	809.6
2491.13	822
2489.65	822
2488.17	813.2
2486.69	819
2485.21	824.6
2483.73	847
2482.25	835.8
2480.77	823
2479.29	827
2477.81	824.2
2476.32	835.6
2474.84	858.2
2473.36	827.4
2471.87	838
2470.38	819.2
2468.9	840
2467.41	843
2465.93	840.4
2464.44	831.6
2462.95	838
2461.46	834.8
2459.97	837
2458.48	825.8
2456.99	825.2
2455.5	844
2454.01	849.8
2452.52	839
2451.03	822.2
2449.53	832.4
2448.04	828.4
2446.55	829.2
2445.05	845.6
2443.56	838.2
2442.06	827.6
2440.56	844
2439.07	835.6
2437.57	840.6
2436.07	851.8
2434.57	849.8
2433.07	851.6
2431.57	838
2430.07	841.4
2428.57	843.6
2427.07	852.6
2425.57	850.2
2424.07	840
2422.57	862.2
2421.06	855.2
2419.56	862.6
2418.05	865.4
2416.55	871.4
2415.04	866.2
2413.54	860.6
2412.03	881.6
2410.52	873.8
2409.02	874.4
2407.51	884.8
2406	879.8
2404.49	874.6
2402.98	873.8
2401.47	883.8
2399.96	873.8
2398.45	863
2396.93	866
2395.42	879.2
2393.91	857.4
2392.39	883.6
2390.88	872.4
2389.37	883.6
2387.85	865.8
2386.33	869
2384.82	872.8
2383.3	881.4
2381.78	869.2
2380.26	874.4
2378.75	888.2
2377.23	889.2
2375.71	885.4
2374.19	900.4
2372.66	892.4
2371.14	882.6
2369.62	881.8
2368.1	889.2
2366.58	881.6
2365.05	877.6
2363.53	885
2362	903
2360.48	888.8
2358.95	885.2
2357.42	879.6
2355.9	897.8
2354.37	899
2352.84	879
2351.31	886.8
2349.78	892.4
2348.25	883.8
2346.72	886.4
2345.19	888.8
2343.66	892
2342.13	911.8
2340.6	896.6
2339.06	907.6
2337.53	932
2335.99	944.2
2334.46	952.4
2332.92	939.4
2331.39	949.4
2329.85	980.2
2328.31	961.4
2326.78	944.8
2325.24	946.2
2323.7	946.6
2322.16	948.2
2320.62	942.6
2319.08	965.8
2317.54	932.6
2316	947.4
2314.45	959.2
2312.91	946.8
2311.37	960
2309.82	963.8
2308.28	963
2306.73	963.8
2305.19	964.4
2303.64	976.6
2302.09	966.8
2300.55	979.6
2299	980.2
2297.45	985.2
2295.9	971.4
2294.35	986
2292.8	991
2291.25	987.6
2289.7	980.8
2288.15	973.8
2286.6	975.6
2285.04	990.8
2283.49	998.4
2281.93	980.8
2280.38	994.6
2278.82	990.6
2277.27	1005.4
2275.71	991.8
2274.15	1017.8
2272.6	1002.6
2271.04	1015.8
2269.48	1003.2
2267.92	1005
2266.36	1008.4
2264.8	1008.4
2263.24	1023.6
2261.68	1012.2
2260.12	1021.4
2258.55	1026.6
2256.99	1016.6
2255.43	1024
2253.86	1037.6
2252.3	1057.2
2250.73	1028.8
2249.16	1039.4
2247.6	1035.6
2246.03	1035.4
2244.46	1046.6
2242.89	1046.6
2241.32	1041.2
2239.76	1034.4
2238.18	1054.4
2236.61	1038.8
2235.04	1042.6
2233.47	1052
2231.9	1067.8
2230.32	1045.2
2228.75	1056.6
2227.18	1057.4
2225.6	1044.2
2224.03	1041.8
2222.45	1054.4
2220.87	1065.8
2219.3	1066.2
2217.72	1068.2
2216.14	1053.6
2214.56	1054.6
2212.98	1074.8
2211.4	1057.4
2209.82	1061.6
2208.24	1071
2206.66	1072.6
2205.08	1054.2
2203.49	1062.2
2201.91	1069.6
2200.33	1077.8
2198.74	1070
2197.16	1075.4
2195.57	1054.2
2193.98	1063.8
2192.4	1068.8
2190.81	1077.4
2189.22	1069.6
2187.63	1062.6
2186.04	1080.4
2184.45	1094
2182.86	1093.4
2181.27	1076.6
2179.68	1078
2178.09	1089.4
2176.49	1085
2174.9	1099
2173.31	1094.6
2171.71	1101.6
2170.12	1095
2168.52	1091.2
2166.92	1092.2
2165.33	1106.4
2163.73	1105.8
2162.13	1105
2160.53	1105.2
2158.93	1093.4
2157.33	1119.4
2155.73	1112.4
2154.13	1120.2
2152.53	1107
2150.93	1100.6
2149.32	1122
2147.72	1124.4
2146.12	1117.4
2144.51	1124.8
2142.91	1113.2
2141.3	1127.2
2139.69	1109.4
2138.09	1109.2
2136.48	1124.6
2134.87	1133.2
2133.26	1107.4
2131.65	1130.6
2130.04	1128.6
2128.43	1124.6
2126.82	1126.8
2125.21	1118
2123.6	1118
2121.98	1120.8
2120.37	1122
2118.76	1151.6
2117.14	1116.4
2115.53	1109.8
2113.91	1122.2
2112.29	1127
2110.68	1135.6
2109.06	1128.8
2107.44	1137.6
2105.82	1141.4
2104.2	1143.8
2102.58	1142.4
2100.96	1157
2099.34	1151.8
2097.72	1150.2
2096.09	1166.4
2094.47	1157
2092.85	1152.8
2091.22	1151
2089.6	1170.2
2087.97	1175
2086.35	1175.6
2084.72	1163.2
2083.09	1178
2081.46	1180
2079.83	1191
2078.21	1168.6
2076.58	1181.8
2074.95	1172.2
2073.32	1199
2071.68	1186.2
2070.05	1193
2068.42	1191.8
2066.79	1205.6
2065.15	1208.8
2063.52	1214
2061.88	1218.6
2060.25	1215.4
2058.61	1228
2056.97	1213.8
2055.33	1206.2
2053.7	1222.4
2052.06	1218.2
2050.42	1230.2
2048.78	1215.8
2047.14	1229.8
2045.5	1210.8
2043.85	1217.8
2042.21	1211
2040.57	1219.4
2038.93	1206.4
2037.28	1231.2
2035.64	1251.6
2033.99	1218.4
2032.34	1228.4
2030.7	1222.6
2029.05	1243
2027.4	1230.2
2025.75	1242.6
2024.1	1225
2022.45	1236.4
2020.8	1244.8
2019.15	1242.8
2017.5	1232.4
2015.85	1222.8
2014.2	1224
2012.54	1243.4
2010.89	1236
2009.23	1250.2
2007.58	1266.8
2005.92	1240
2004.27	1249.8
2002.61	1243.4
2000.95	1258.2
1999.29	1274.2
1997.63	1279.2
1995.97	1282.4
1994.31	1271.8
1992.65	1269
1990.99	1274.2
1989.33	1286
1987.67	1270.4
1986	1286.2
1984.34	1297.4
1982.68	1302.6
1981.01	1302.4
1979.34	1302
1977.68	1282.8
1976.01	1295.4
1974.34	1297.6
1972.68	1299.8
1971.01	1292.2
1969.34	1312.4
1967.67	1338
1966	1326.6
1964.33	1331.4
1962.65	1337.6
1960.98	1355
1959.31	1343.8
1957.63	1346.8
1955.96	1346.2
1954.28	1347.8
1952.61	1344.6
1950.93	1334.2
1949.26	1340.8
1947.58	1344.6
1945.9	1359.8
1944.22	1330.2
1942.54	1352.6
1940.86	1353
1939.18	1365.8
1937.5	1373.2
1935.82	1397.4
1934.13	1361.2
1932.45	1370.4
1930.77	1371.4
1929.08	1378
1927.4	1368.6
1925.71	1384.4
1924.03	1361.6
1922.34	1369.2
1920.65	1354.8
1918.96	1363.6
1917.27	1354
1915.58	1361.8
1913.89	1364.4
1912.2	1375.4
1910.51	1383.2
1908.82	1388
1907.13	1381.8
1905.43	1403.2
1903.74	1368.8
1902.05	1390.8
1900.35	1380.2
1898.66	1406.4
1896.96	1416.2
1895.26	1408.4
1893.56	1412
1891.87	1410.4
1890.17	1415
1888.47	1425
1886.77	1425.2
1885.07	1437
1883.37	1431.2
1881.66	1453.2
1879.96	1436.8
1878.26	1431.8
1876.55	1430.4
1874.85	1440.2
1873.14	1458.6
1871.44	1441.2
1869.73	1445.2
1868.02	1465.6
1866.32	1440.8
1864.61	1461
1862.9	1456.6
1861.19	1455.6
1859.48	1433.4
1857.77	1446.6
1856.06	1472
1854.34	1472.6
1852.63	1469
1850.92	1469.8
1849.2	1456
1847.49	1470.8
1845.77	1495
1844.06	1481.2
1842.34	1490.6
1840.62	1462.2
1838.9	1474.8
1837.19	1474.6
1835.47	1470
1833.75	1492
1832.03	1472.6
1830.31	1482.6
1828.58	1466.8
1826.86	1484.2
1825.14	1477
1823.41	1481.6
1821.69	1484.8
1819.96	1478
1818.24	1478.8
1816.51	1473.6
1814.78	1493.6
1813.06	1494.6
1811.33	1502.2
1809.6	1486.6
1807.87	1476.4
1806.14	1488
1804.41	1508.2
1802.68	1492.4
1800.95	1485.6
1799.21	1498
1797.48	1505.8
1795.75	1506.8
1794.01	1499.6
1792.28	1503
1790.54	1498.4
1788.8	1504.4
1787.06	1508.4
1785.33	1502.8
1783.59	1512.2
1781.85	1506.2
1780.11	1500.8
1778.37	1497.6
1776.63	1512.8
1774.88	1492.2
1773.14	1516.6
1771.4	1502.6
1769.66	1520.6
1767.91	1505.4
1766.17	1530.4
1764.42	1524.4
1762.67	1545.2
1760.93	1529
1759.18	1534.6
1757.43	1532.4
1755.68	1528.4
1753.93	1544.4
1752.18	1540.8
1750.43	1544.4
1748.68	1553.4
1746.93	1562.4
1745.17	1568.6
1743.42	1569.4
1741.66	1563.2
1739.91	1565
1738.15	1576.6
1736.4	1572.6
1734.64	1575.8
1732.88	1583.8
1731.12	1581.2
1729.36	1587.2
1727.61	1585.8
1725.84	1589.4
1724.08	1590.2
1722.32	1589
1720.56	1613
1718.8	1595.2
1717.03	1592.2
1715.27	1606.2
1713.5	1607.6
1711.74	1616.4
1709.97	1617.8
1708.21	1617.2
1706.44	1626.2
1704.67	1633.2
1702.9	1631.2
1701.13	1634.4
1699.36	1631.2
1697.59	1634.6
1695.82	1636.4
1694.05	1662
1692.27	1645
1690.5	1633
1688.73	1650
1686.95	1655.4
1685.18	1654.6
1683.4	1665.2
1681.62	1657.2
1679.84	1678.6
1678.07	1667.2
1676.29	1661.2
1674.51	1657.2
1672.73	1678.6
1670.95	1679.2
1669.16	1672.4
1667.38	1680.2
1665.6	1691.8
1663.82	1685.6
1662.03	1701
1660.25	1699.6
1658.46	1715
1656.68	1683.2
1654.89	1710.8
1653.1	1722
1651.31	1706.2
1649.52	1711.6
1647.73	1710.4
1645.94	1688
1644.15	1713.6
1642.36	1710.2
1640.57	1710
1638.78	1710.4
1636.98	1711.2
1635.19	1720.6
1633.39	1721
1631.6	1722.8
1629.8	1702
1628	1701.6
1626.21	1705.8
1624.41	1704
1622.61	1701.6
1620.81	1708.2
1619.01	1703.4
1617.21	1699.8
1615.41	1686.4
1613.6	1702.6
1611.8	1695
1610	1710.4
1608.19	1698
1606.39	1720.6
1604.58	1702.4
1602.77	1711
1600.97	1712.4
1599.16	1725.6
1597.35	1717.8
1595.54	1728.2
1593.73	1708.2
1591.92	1722.8
1590.11	1743.8
1588.3	1702.6
1586.48	1738.2
1584.67	1746
1582.86	1721.6
1581.04	1724.8
1579.23	1729.8
1577.41	1710.6
1575.59	1718.6
1573.78	1744
1571.96	1748.4
1570.14	1753.2
1568.32	1742.6
1566.5	1780.4
1564.68	1762.4
1562.86	1788.6
1561.03	1783.8
1559.21	1779.6
1557.39	1782.8
1555.56	1745
1553.74	1776.2
1551.91	1787.8
1550.09	1797.6
1548.26	1773.2
1546.43	1785.4
1544.6	1761.8
1542.77	1780.2
1540.94	1784.6
1539.11	1787
1537.28	1797.8
1535.45	1791
1533.62	1796.6
1531.78	1868.2
1529.95	1805.8
1528.11	1807.4
1526.28	1801.2
1524.44	1818.8
1522.61	1824.4
1520.77	1821.8
1518.93	1809.2
1517.09	1847.8
1515.25	1848.4
1513.41	1877.4
1511.57	1881.4
1509.73	1895
1507.89	1900.6
1506.04	1944.4
1504.2	1951.8
1502.36	1978.6
1500.51	2018.4
1498.66	2062.8
1496.82	2087.6
1494.97	2163.6
1493.12	2202
1491.27	2302
1489.42	2413.2
1487.57	2509.6
1485.72	2661.8
1483.87	2813
1482.02	2988.6
1480.17	3217.8
1478.31	3431.2
1476.46	3677.8
1474.6	3917
1472.75	4161.8
1470.89	4359.2
1469.04	4527.4
1467.18	4714.4
1465.32	4811.8
1463.46	4847.2
1461.6	4852.8
1459.74	4786
1457.88	4691.4
1456.02	4561.4
1454.15	4415.2
1452.29	4247.2
1450.43	4096.8
1448.56	3985.6
1446.7	3825.6
1444.83	3771.8
1442.96	3712.6
1441.09	3668.6
1439.23	3680.8
1437.36	3713
1435.49	3760
1433.62	3829.6
1431.75	3929
1429.87	4029
1428	4167.2
1426.13	4261.8
1424.25	4399
1422.38	4519.4
1420.5	4622.4
1418.63	4727.4
1416.75	4858.6
1414.87	4947.8
1412.99	5069.2
1411.11	5144.2
1409.23	5284.6
1407.35	5377.2
1405.47	5436
1403.59	5543.8
1401.71	5634.2
1399.83	5746.6
1397.94	5819.8
1396.06	5887.6
1394.17	5980.2
1392.28	6031.2
1390.4	6094.4
1388.51	6119
1386.62	6139.6
1384.73	6153.6
1382.84	6184
1380.95	6159.4
1379.06	6165
1377.17	6128.4
1375.28	6108.8
1373.38	6075.8
1371.49	6049
1369.59	6048.8
1367.7	6052
1365.8	6102.8
1363.9	6150.6
1362.01	6257.6
1360.11	6341
1358.21	6364.2
1356.31	6471.6
1354.41	6562.6
1352.51	6657.6
1350.61	6747
1348.7	6788.4
1346.8	6841.6
1344.89	6834
1342.99	6864.8
1341.08	6849.8
1339.18	6799.8
1337.27	6651.4
1335.36	6514.4
1333.45	6363.4
1331.54	6102.8
1329.63	5904.6
1327.72	5664
1325.81	5401
1323.9	5137.8
1321.99	4897
1320.07	4657.6
1318.16	4444.2
1316.24	4273.6
1314.33	4122
1312.41	3983.6
1310.49	3859
1308.58	3748.6
1306.66	3595.8
1304.74	3517.2
1302.82	3446.2
1300.9	3358.8
1298.97	3275
1297.05	3231.4
1295.13	3181.4
1293.2	3160.2
1291.28	3134.8
1289.35	3139.8
1287.43	3145.8
1285.5	3169
1283.57	3216.6
1281.65	3263.2
1279.72	3340.2
1277.79	3429.4
1275.86	3500.8
1273.92	3563
1271.99	3612.4
1270.06	3667.4
1268.13	3696.6
1266.19	3740.6
1264.26	3737.8
1262.32	3730.6
1260.38	3686
1258.45	3688.2
1256.51	3610.2
1254.57	3579.6
1252.63	3549
1250.69	3529.2
1248.75	3437.4
1246.81	3408.8
1244.87	3331.6
1242.92	3282.6
1240.98	3213.2
1239.03	3127.8
1237.09	3037.6
1235.14	3075.6
1233.2	2933.6
1231.25	2834.8
1229.3	2764.6
1227.35	2702.2
1225.4	2637.6
1223.45	2615
1221.5	2559.2
1219.55	2562.8
1217.59	2541.8
1215.64	2546
1213.69	2541.2
1211.73	2508.4
1209.77	2502
1207.82	2481.8
1205.86	2465.4
1203.9	2421.8
1201.94	2385.6
1199.98	2337.6
1198.02	2289.2
1196.06	2254.6
1194.1	2220.6
1192.14	2196
1190.17	2198.2
1188.21	2161.6
1186.25	2213.8
1184.28	2227.4
1182.31	2298.4
1180.35	2362.8
1178.38	2473.8
1176.41	2610
1174.44	2776.4
1172.47	2957.6
1170.5	3172.8
1168.53	3419.8
1166.55	3692.8
1164.58	3979.8
1162.61	4309.4
1160.63	4546.2
1158.66	4889
1156.68	5121
1154.7	5388.6
1152.73	5639.4
1150.75	5885
1148.77	6115.6
1146.79	6287.6
1144.81	6504.6
1142.83	6691.4
1140.84	6885.2
1138.86	7038.4
1136.88	7220.2
1134.89	7402.4
1132.91	7466
1130.92	7584.4
1128.93	7636.2
1126.95	7635.2
1124.96	7643.8
1122.97	7607.6
1120.98	7528.6
1118.99	7494
1117	7407
1115	7297.2
1113.01	7159.2
1111.02	7015.2
1109.02	6860
1107.03	6742.8
1105.03	6562.6
1103.03	6440.6
1101.04	6302
1099.04	6259.4
1097.04	6244.8
1095.04	6269.8
1093.04	6373.2
1091.04	6452
1089.04	6454.4
1087.03	6467.4
1085.03	6461
1083.02	6348
1081.02	6246.2
1079.01	6091.4
1077	5905
1075	5761
1072.99	5555
1070.98	5433
1068.97	5359.6
1066.96	5284.2
1064.95	5239.6
1062.94	5216.8
1060.92	5224.2
1058.91	5210.2
1056.89	5157.2
1054.88	5176.8
1052.86	5155
1050.84	5097.4
1048.83	5107.4
1046.81	5040
1044.79	5007.8
1042.77	4956.6
1040.75	4911.4
1038.73	4828.8
1036.7	4741.6
1034.68	4648.8
1032.66	4581.8
1030.63	4436.8
1028.61	4314
1026.58	4204.4
1024.55	4117.4
1022.52	4016
1020.5	3887.8
1018.47	3815.6
1016.44	3686
1014.41	3589
1012.37	3546.8
1010.34	3408.2
1008.31	3322.8
1006.27	3223.8
1004.24	3140.6
1002.2	2994.2
1000.17	2915.2
998.129	2797.2
996.091	2685
994.052	2593
992.012	2472.6
989.972	2380.2
987.931	2305.4
985.889	2247.2
983.845	2170
981.802	2123.8
979.757	2089.8
977.712	2087.6
975.666	2057.8
973.619	2089.8
971.572	2098.8
969.524	2122.8
967.475	2143.2
965.424	2199.8
963.373	2266.2
961.322	2375
959.269	2493.6
957.217	2696.2
955.162	2935
953.107	3251
951.052	3614
948.996	3987
946.939	4360.2
944.881	4675.6
942.821	4984.4
940.762	5216.2
938.702	5377.8
936.641	5452.4
934.579	5484.2
932.516	5411.6
930.452	5288
928.388	5211.2
926.324	5083.2
924.257	4947
922.19	4808.6
920.123	4637.8
918.055	4489.4
915.985	4353
913.915	4201.4
911.844	4090
909.773	3950.8
907.701	3820.6
905.628	3675.4
903.554	3545.6
901.479	3441.2
899.403	3294
897.327	3158.6
895.249	3070
893.172	2951.8
891.092	2902
889.013	2884.8
886.933	2901.4
884.851	2966
882.769	3081.4
880.686	3256.8
878.603	3428.6
876.518	3638.6
874.433	3903.8
872.347	4143.6
870.26	4392
868.173	4614
866.084	4765.4
863.994	4978.6
861.905	5072
859.814	5162.2
857.722	5186
855.629	5189.4
853.536	5133.8
851.441	5051.8
849.346	4916.4
847.251	4738.2
845.154	4489.4
843.056	4229.2
840.958	3958
838.859	3673.6
836.759	3377.8
834.658	3101.4
832.556	2891.4
830.454	2671.6
828.351	2494.2
826.246	2351.8
824.142	2293
822.036	2197.4
819.93	2159
817.822	2102.2
815.715	2066
813.605	2064
811.496	2067.4
809.385	2052.2
807.274	2080
805.161	2112.6
803.048	2126.2
800.934	2157.6
798.819	2206.8
796.704	2243.2
794.587	2280.6
792.47	2301.4
790.352	2320.2
788.233	2349.4
786.114	2357
783.993	2379.8
781.872	2386
779.749	2412.8
777.627	2427.8
775.503	2454.8
773.378	2476
771.252	2490
769.126	2490.6
766.999	2498.6
764.871	2523.6
762.742	2504.6
760.612	2468.4
758.482	2450.4
756.351	2386
754.219	2327.6
752.085	2297
749.952	2247
747.817	2198.6
745.682	2195.8
743.545	2180.2
741.408	2197.6
739.27	2199.6
737.131	2217.6
734.991	2248.6
732.851	2274.6
730.71	2330
728.568	2397.6
726.424	2436
724.281	2509.8
722.136	2552.2
719.991	2626.2
717.844	2636
715.697	2654
713.549	2640.6
711.4	2631.2
709.25	2582.6
707.1	2518.4
704.948	2469.8
702.796	2408.2
700.643	2391.8
698.489	2332
696.334	2285.6
694.179	2277
692.022	2261.8
689.865	2248.6
687.706	2256.6
685.547	2253.8
683.388	2254.4
681.227	2269.4
679.066	2274.2
676.903	2318.6
674.74	2369
672.576	2371.4
670.411	2379.4
668.245	2430.6
666.078	2454.8
663.911	2491.2
661.742	2519.8
659.573	2525.4
657.403	2580.2
655.232	2614.4
653.061	2625.4
650.888	2637.8
648.714	2643.8
646.54	2656
644.365	2662.6
642.189	2686.6
640.012	2701.2
637.834	2750.8
635.655	2790.6
633.476	2872
631.295	2903.6
629.114	2934.6
626.932	2988.8
624.75	3030
622.566	3082.4
620.381	3141.6
618.196	3173.4
616.009	3217
613.823	3316
611.635	3327
609.445	3400.6
607.256	3481
605.065	3544
602.873	3675.6
600.681	3764.6
598.488	3899.4
596.294	3982
594.099	4127.6
591.903	4259.6
589.706	4395
587.509	4550.4
585.311	4607.6
583.111	4694
580.911	4712.8
578.71	4756
576.508	4746.8
574.305	4702.6
572.102	4631.2
569.898	4564.6
567.692	4472.2
565.486	4380
563.279	4388.8
561.071	4336.8
558.862	4348.2
556.652	4396.6
554.442	4411.8
552.23	4470.4
550.019	4513
547.805	4505.6
545.591	4561
543.376	4592.2
541.16	4592.2
538.944	4643.2
536.726	4732.8
534.508	4796.2
532.288	4965.6
530.068	5159.6
527.847	5315.6
525.625	5459
523.403	5582.4
521.179	5700.6
518.954	5742.4
516.729	5761.6
514.503	5735.4
512.275	5772.2
510.047	5742.2
507.818	5802.2
505.588	5828.6
503.358	5970.2
501.126	6150.4
498.893	6382.2
496.66	6696.2
494.426	6977.2
492.191	7282.6
489.955	7555.8
487.718	7747
485.48	7795.2
483.242	7822.4
481.002	7718
478.761	7545.8
476.52	7271.4
474.278	7013.2
472.035	6709.4
469.791	6424.6
467.545	6209.6
465.3	5965.6
463.054	5817.4
460.806	5786.6
458.558	5743.2
456.308	5814
454.058	5880.8
451.807	6058.6
449.555	6196.8
447.302	6333.2
445.048	6453.6
442.794	6550.4
440.538	6582.4
438.282	6579.8
436.024	6506.6
433.766	6440.2
431.506	6369.8
429.246	6233
426.985	6127.8
424.724	6054
422.461	5985.2
420.197	5918.8
417.933	5872.4
415.667	5862.2
413.401	5866
411.134	5813.8
408.866	5734.8
406.597	5629.4
404.326	5486.6
402.056	5343.4
399.784	5226
397.512	5084.8
395.238	5045.4
392.964	5030
390.689	5037.2
388.412	5068.2
386.135	5144.6
383.857	5232.2
381.578	5308.8
379.298	5406
377.017	5510.4
374.736	5535.8
372.453	5615.8
370.169	5683.8
367.885	5748.4
365.599	5777
363.313	5830.4
361.026	5887.8
358.738	5906.6
356.449	5905.8
354.16	5920
351.869	5916.2
349.577	5849
347.285	5836.6
344.991	5836
342.697	5858.4
340.401	5849.6
338.105	5799.6
335.808	5783.8
333.509	5747
331.211	5791.4
328.91	5737.4
326.61	5731.4
324.308	5744.2
322.006	5680.6
319.702	5685.8
317.397	5623.8
315.092	5596.8
312.786	5562.2
310.479	5537.8
308.17	5516
305.862	5495.8
303.551	5443.8
301.24	5406.4
298.928	5388.4
296.616	5353.8
294.302	5306.6
291.987	5264.2
289.672	5231.8
287.356	5164.4
285.039	5094.6
282.72	5011.8
280.401	4964.6
278.08	4866.8
275.76	4796
273.437	4753.6
271.114	4696.8
268.791	4668.8
266.466	4661.2
264.14	4598.2
261.813	4615.6
259.486	4615.2
257.157	4618.8
254.828	4605.2
252.498	4664
250.166	4690.8
247.834	4732.2
245.501	4799.6
243.166	4846.2
240.832	4855.8
238.495	4991.2
236.158	5026.6
233.821	5087.2
231.482	5201.2
229.142	5348.2
226.801	5415
224.46	5483
222.117	5716.2
219.774	5822.8
217.43	5850.8
215.085	6097.2
212.738	6358.6
210.391	6496
208.043	6581.6
205.693	6801
203.344	7134.4
200.992	7276
198.64	7336
196.288	7574.6
193.934	7913.6
191.579	8016.2
189.223	8120.4
186.867	8332.4
184.509	8725.6
182.151	9009.8
179.791	9058.4
177.431	9179.2
175.069	9635.8
172.707	10037.8
170.344	10186.4
167.98	10344.2
165.615	10659.4
163.248	11138.2
160.881	11525
158.514	11588
156.145	11699.2
153.775	12016
151.404	12440
149.032	12782.4
146.659	12900.2
144.285	13163.8
141.911	13536.8
139.535	14056.2
137.158	14557
134.781	14888.8
132.403	14991.8
130.023	15316.6
127.643	15891.6
125.261	16547.2
122.879	17152
120.496	17521.8
118.111	18060.8
115.726	18612.4
113.34	19387.2
110.954	20215.8
108.565	21174
106.177	22101
103.786	22905
101.395	23799
99.0032	24836
96.6106	26080.4
94.2161	27781.8
91.8217	29720.2
89.4264	31888
87.0292	34340.4
84.632	36836.8
82.233	39400.4
79.8331	42291.2
77.4322	45285.2
75.0315	49188
72.6288	54167.4
70.2252	61317.8
67.8208	64524
65.4154	64524
63.0091	64524
60.6018	64524
58.1927	64524
55.7837	64524
53.3737	64524
50.9618	64524
48.5501	64524
46.1373	64524
43.7227	64524
41.3072	64524
38.8917	64524
36.4744	64524
34.0561	64524
31.6369	64524
29.2177	64524
26.7967	64524
24.3747	64524
21.9518	64524
19.527	64524
17.1022	64524
14.6766	64524
12.25	64524
9.82148	64524
7.39304	64524
4.96367	64524
2.53238	64524
0.101156	64524
-2.33199	64524
-4.76606	64524
-7.20007	64524
-9.636	64524
-12.0729	64524
-14.5107	64524
-16.9494	64524
-19.389	64524
-21.8296	64524
-24.2712	64524
-26.7136	64524
-29.157	64524
-31.6023	64524
-34.0476	64524
-36.4938	64524
-38.9419	64524
-41.39	64524
-43.84	64524
-46.29	64524
-48.7418	64524
-51.1947	64524
-53.6474	64524
-56.1021	58573.6
-58.5578	51407.4
-61.0144	45271.6
-63.4719	39765.6
-65.9304	34901.2
-68.3898	30676
-70.8502	26853.2
-73.3115	23559.6
-75.7738	20780.8
-78.238	18342.2
-80.7021	16195.6
-83.1672	14293.4
-85.6343	12676.4
-88.1012	11331.6
-90.5702	10052.4
-93.0391	8895.8
-95.5099	7915.8
-97.9817	6981
-100.453	6203.6
-102.927	5553.2
-105.402	5035.4
-107.877	4529.8
-110.354	4127.2
-112.832	3745.2
-115.31	3400.8
-117.789	3091.2
-120.27	2848.6
-122.751	2606
-125.234	2396
-127.718	2244
-130.202	2114
-132.688	1973
-135.174	1842
-137.662	1723
-140.15	1590.6
-142.64	1521.6
-145.13	1467.8
-147.622	1438.6
-150.115	1375.8
-152.609	1301.4
-155.103	1229.4
-157.599	1185
-160.096	1130.8
-162.593	1116.6
-165.092	1103.2
-167.592	1042.6
-170.092	1031.4
-172.595	1024.4
-175.098	991
-177.601	964.4
-180.107	946
-182.612	936.6
-185.119	915.2
-187.627	904.6
-190.135	876.8
-192.646	859.4
-195.157	852.8
-197.669	834.8
-200.182	800.8
-202.696	796
-205.21	783
-207.727	792
-210.244	779.2
-212.762	776.4
-215.281	766.6
-217.802	770
-220.323	724.2
-222.845	712.2
-225.369	688.4
-227.893	658.8
-230.418	668.4
-232.944	640.6
-235.472	634
-238	631.6
-240.53	617.2
-243.06	622.2
-245.592	617.8
-248.124	594.2
-250.658	589
-253.193	572.8
-255.728	567.8
-258.265	554
-260.803	539.8
-263.342	539.6
-265.882	534.8
-268.423	510.6
-270.965	496.6
-273.508	483.2
-276.052	495.4
-278.597	479.6
-281.143	477.6
-283.69	483.8
-286.238	457.4
-288.787	453.4
-291.338	460.8
-293.889	439.6
-296.441	433
-298.995	447
-301.55	431
-304.105	419
-306.662	403.6
-309.218	411.4
-311.777	402
-314.337	397.8
-316.898	385.8
-319.46	396.2
-322.023	381.2
-324.586	376.4
-327.151	379
-329.717	377.2
-332.285	367.2
-334.853	357.8
-337.422	365.2
-339.992	358
-342.563	371.4
-345.136	350.2
-347.709	341.8
-350.283	330.2
-352.859	332.4
-355.435	333.8
-358.013	336.6
-360.591	316.4
-363.171	329.8
-365.752	322
-368.334	309.4
-370.917	310.2
-373.5	315.2
-376.085	311
-378.672	310.6
-381.259	309
-383.847	297.2
-386.436	297.6
-389.027	284.8
-391.618	296.8
-394.211	283.2
-396.804	281.6
-399.398	275.6
-401.994	269.4
-404.591	274.6
-407.189	265.2
-409.787	257
-412.388	264.4
-414.989	268.4
-417.59	268.4
-420.194	260.4
-422.798	255.4
-425.403	262.2
-428.01	248.4
-430.617	257.2
-433.226	241.6
-435.836	245.6
-438.445	247.4
-441.057	251.4
-443.67	244.6
-446.284	239.4
-448.899	242
-451.516	234
-454.133	232.8
-456.751	242.8
-459.37	229
-461.99	228.6
-464.612	236.4
-467.234	228.8
-469.857	236.2
-472.483	222.8
-475.108	230.2
-477.735	226.4
-480.363	223.4
-482.992	226.6
-485.622	217.6
-488.253	221.4
-490.885	220.2
-493.519	222.8
-496.154	221.4
-498.789	222.2
-501.426	214.6
-504.064	218.4
-506.702	220.2
-509.342	212.2
-511.983	218.6
-514.625	219.2
-517.269	224.2
-519.913	211.4
-522.558	221.6
-525.205	215
-527.852	214
-530.501	213.2
-533.151	213.8
-535.801	207
-538.453	213.8
-541.106	212.4
-543.761	212
-546.416	212
-549.072	200.8
-551.73	210
-554.388	200
-557.047	218
-559.708	205
-562.37	195.8
-565.033	212.8
-567.697	206.4
-570.362	195.8
-573.029	202.2
-575.695	208.4
-578.364	197.2
-581.034	206
-583.705	197.6
-586.376	195.8
-589.049	199.2
-591.723	208
-594.398	208.6
-597.075	207
-599.752	209.8
-602.43	206.6
-605.11	205.4
-607.791	212.4
-610.472	204.8
-613.155	212.8
-615.84	204.4
-618.525	211
-621.211	214.2
-623.898	216.8
-626.587	206.2
-629.276	207.6
-631.966	217.4
-634.659	218.8
-637.351	212.6
-640.046	220.2
-642.741	234
-645.438	223.8
-648.134	228.4
-650.833	223.6
-653.533	234.4
-656.233	228.6
-658.936	237.8
-661.639	235.6
-664.342	248.8
-667.048	232.6
-669.755	237.4
-672.462	239.4
-675.171	241.2
-677.881	224.6
-680.592	245.4
-683.304	233.6
-686.017	241.6
-688.731	239
-691.447	249
-694.163	231.8
-696.881	241.8
-699.6	236
-702.319	236.4
-705.041	235.2
-707.763	239.4
-710.486	240.4
-713.21	232.2
-715.937	237.4
-718.663	239.8
-721.392	224
-724.12	237
-726.85	232.8
-729.582	237
-732.314	234.2
-735.048	239.8
-737.783	246.8
-740.519	235.6
-743.256	227.2
-745.995	235
-748.733	238.8
-751.474	235.4
-754.216	231.8
-756.958	239.6
-759.702	227
-762.447	233.4
-765.193	238.6
-767.941	248.2
-770.69	239.2
-773.439	236.6
-776.19	237.6
-778.942	247.4
-781.695	241.8
-784.449	244.8
-787.205	251.8
-789.961	235.8
-792.719	250.4
-795.477	241.8
-798.238	240.6
-800.999	237.8
-803.761	241
-806.525	235.4
-809.29	242
-812.055	237.4
-814.822	243.6
-817.591	244
-820.36	250.8
-823.131	248.8
-825.902	252.6
-828.675	257.2
-831.449	255.8
-834.224	253.2
-837	250.6
-839.778	261
-842.556	258.8
-845.336	251.6
-848.117	252
-850.898	258
-853.682	252
-856.467	248.8
-859.253	254
-862.04	247.4
-864.827	258.8
-867.616	247.2
-870.406	251.8
-873.198	249.6
-875.991	252.6
-878.784	249.6
-881.579	256.2
-884.376	248.8
-887.173	248.6
-889.971	254.4
-892.771	251.8
-895.572	235.8
-898.374	245.4
-901.177	242
-903.982	240.8
-906.787	234.6
-909.594	239.8
-912.402	228.8
-915.21	229.2
-918.022	228
-920.833	224.4
-923.645	228.6
-926.46	212.4
-929.274	214.8
-932.091	218.4
-934.908	206.8
-937.726	199.4
-940.546	200.6
-943.367	203.8
-946.19	193.4
-949.012	197
-951.837	193
-954.664	203.4
-957.49	195.2
-960.318	186.2
-963.147	189.4
-965.978	291.8
-968.81	238.8
-971.643	195
-974.476	193.6
-977.312	192.6
-980.149	191
-982.987	195.6
-985.824	191
-988.665	192.4
-991.506	203.2
-994.349	205.8
-997.193	200
-1000.04	206.6
-1002.88	209.4
-1005.73	212.6
-1008.58	210
-1011.43	216.4
-1014.28	218.4
-1017.13	215.6
-1019.99	222.2
-1022.84	229.2
-1025.7	217.2
-1028.55	225.4
-1031.41	229.8
-1034.27	224.8
-1037.13	239.8
-1039.99	235.4
-1042.85	236.4
-1045.72	237.2
-1048.58	237.6
-1051.45	243.4
-1054.32	238.8
-1057.19	245.2
-1060.06	256.4
-1062.93	254.2
-1065.8	282
-1068.68	279.4
-1071.55	273.8
-1074.43	292.2
-1077.3	269
-1080.18	277.2
-1083.06	288.6
-1085.95	289.6
-1088.83	285.2
-1091.71	283.6
-1094.6	295
-1097.48	288.4
-1100.37	288
-1103.26	304.8
-1106.15	299.6
-1109.04	307.8
-1111.93	323
-1114.82	309.8
-1117.72	315.2
-1120.61	319.6
-1123.51	326.2
-1126.41	319.8
-1129.31	313.6
-1132.21	329
-1135.11	333.2
-1138.02	345
-1140.92	349.6
-1143.83	352.2
-1146.73	370
-1149.64	377.8
-1152.55	384
-1155.46	410.2
-1158.37	409.8
-1161.29	431.2
-1164.2	448
-1167.12	460.2
-1170.03	501.6
-1172.95	513.8
-1175.87	531.8
-1178.79	571.4
-1181.71	598.6
-1184.64	621.4
-1187.56	669.6
-1190.49	705
-1193.42	746.8
-1196.34	883.2
-1199.27	986.2
-1202.2	1122.2
-1205.13	1275.4
-1208.07	1445
-1211	1635
-1213.94	1825
-1216.87	2027.8
-1219.81	2276.6
-1222.75	2594.8
-1225.69	2986.4
-1228.63	3447.8
-1231.58	4021.2
-1234.52	4722.8
-1237.47	5533.4
-1240.42	6364.4
-1243.36	7158.2
-1246.31	7883.2
-1249.26	8742.8
-1252.22	9647.8
-1255.17	10664.4
-1258.12	11879.4
-1261.08	13054.8
-1264.04	14250
-1266.99	18077.8
-1269.95	20565
-1272.91	18432.8
-1275.88	14230.8
-1278.84	9639.2
-1281.8	5610.8
-1284.77	3704.4
-1287.74	1899
-1290.71	1238.6
-1293.68	1075.2
-1296.65	972
-1299.62	918.8
-1302.59	851.6
-1305.57	799.6
-1308.54	771
-1311.52	728.6
-1314.5	710.4
-1317.48	664.8
-1320.46	659.2
-1323.44	646.6
-1326.43	630.2
-1329.41	618.8
-1332.4	628.8
-1335.38	613.4
-1338.37	604.4
-1341.36	580.2
-1344.36	560.2
-1347.35	538.8
-1350.34	531.2
-1353.34	504.2
-1356.33	482.6
-1359.33	446.8
-1362.33	426.2
-1365.33	410.6
-1368.33	381.6
-1371.34	360.4
-1374.34	326.6
-1377.35	298.6
-1380.35	290
-1383.36	275
-1386.37	269.8
-1389.38	239
-1392.39	221.4
