2745.93	661.2
2744.54	666
2743.15	661.4
2741.77	670
2740.38	676
2738.99	683
2737.6	680
2736.21	687.8
2734.82	691.6
2733.43	699.4
2732.04	702
2730.65	706.4
2729.26	704
2727.87	718.6
2726.47	697.4
2725.08	709.2
2723.69	704.6
2722.29	697.6
2720.9	701.8
2719.5	714
2718.11	697.6
2716.71	690.6
2715.32	704.6
2713.92	701.6
2712.52	709.8
2711.12	697.6
2709.72	697.6
2708.32	715.6
2706.92	714.8
2705.52	701.4
2704.12	706.6
2702.72	717.4
2701.32	717.8
2699.92	728
2698.52	719.8
2697.11	709.4
2695.71	733.8
2694.3	730.4
2692.9	727.6
2691.49	741
2690.09	733.8
2688.68	738.6
2687.28	728.8
2685.87	745.2
2684.46	744.2
2683.05	735.6
2681.64	734.4
2680.23	741.4
2678.82	737.6
2677.41	748.6
2676	749.2
2674.59	748.2
2673.18	741.4
2671.77	735.8
2670.35	744
2668.94	731.4
2667.53	745.2
2666.11	740.8
2664.7	743.8
2663.28	753
2661.87	753.4
2660.45	750
2659.03	755.8
2657.62	763.4
2656.2	762.6
2654.78	757
2653.36	775.2
2651.94	774.4
2650.52	785.6
2649.1	781.2
2647.68	790
2646.26	785.8
2644.83	791.4
2643.41	785.4
2641.99	787.2
2640.57	811.8
2639.14	791.8
2637.72	812
2636.29	797.8
2634.87	794.8
2633.44	806.4
2632.01	810.6
2630.59	797.4
2629.16	813.4
2627.73	818.4
2626.3	812.8
2624.87	817
2623.44	806.8
2622.01	818.6
2620.58	820.6
2619.15	817.8
2617.72	810
2616.28	806.8
2614.85	820.6
2613.42	811
2611.98	827.8
2610.55	818.6
2609.11	818.4
2607.68	816.4
2606.24	828.8
2604.81	831.6
2603.37	813.8
2601.93	816.8
2600.49	832
2599.05	840.2
2597.62	829.4
2596.18	837
2594.73	827
2593.29	845.2
2591.85	830.4
2590.41	840.2
2588.97	855.2
2587.53	857.8
2586.08	846.2
2584.64	855.8
2583.19	850.4
2581.75	870.6
2580.3	861.4
2578.86	867.2
2577.41	870.2
2575.96	869.4
2574.52	881
2573.07	875.2
2571.62	878.2
2570.17	872.8
2568.72	866.4
2567.27	866
2565.82	888.2
2564.37	879.4
2562.92	869.2
2561.47	897.8
2560.01	881.8
2558.56	892
2557.1	885.2
2555.65	893.8
2554.2	902
2552.74	894.6
2551.28	904.2
2549.83	904.4
2548.37	911.6
2546.91	906.8
2545.46	897.2
2544	917.6
2542.54	925
2541.08	917
2539.62	928
2538.16	923.4
2536.7	920.4
2535.23	929
2533.77	931.4
2532.31	919.8
2530.85	930
2529.38	930.8
2527.92	938.8
2526.45	944
2524.99	933
2523.52	935.2
2522.05	933.2
2520.59	940.2
2519.12	945.6
2517.65	952.8
2516.18	953.4
2514.71	955
2513.24	954.8
2511.77	951.6
2510.3	954.2
2508.83	957
2507.36	962.4
2505.89	977.2
2504.41	967
2502.94	970.6
2501.47	972.4
2499.99	967.8
2498.52	965.4
2497.04	964.2
2495.56	976.6
2494.09	990.8
2492.61	991.4
2491.13	979.2
2489.65	994.4
2488.17	994
2486.69	999.2
2485.21	998.4
2483.73	1021.2
2482.25	999
2480.77	1007.2
2479.29	1017.8
2477.81	1027.6
2476.32	1010.6
2474.84	1030.8
2473.36	1035
2471.87	1026.8
2470.38	1027.4
2468.9	1026.4
2467.41	1031.6
2465.93	1043.6
2464.44	1045.4
2462.95	1041.6
2461.46	1049.4
2459.97	1059.2
2458.48	1053.4
2456.99	1061.6
2455.5	1053.8
2454.01	1070.8
2452.52	1067.2
2451.03	1053.2
2449.53	1069
2448.04	1082.4
2446.55	1076.2
2445.05	1074.2
2443.56	1087.8
2442.06	1072.6
2440.56	1088.2
2439.07	1097.4
2437.57	1083.8
2436.07	1091.4
2434.57	1092
2433.07	1104.6
2431.57	1105
2430.07	1113.6
2428.57	1100.6
2427.07	1115
2425.57	1111
2424.07	1103.4
2422.57	1111.4
2421.06	1108.2
2419.56	1125.2
2418.05	1119.8
2416.55	1140.2
2415.04	1133.6
2413.54	1141
2412.03	1125.2
2410.52	1148.2
2409.02	1150
2407.51	1141.2
2406	1131.2
2404.49	1156
2402.98	1166.4
2401.47	1155.8
2399.96	1167.2
2398.45	1164.4
2396.93	1164.4
2395.42	1159.2
2393.91	1155.6
2392.39	1171.4
2390.88	1177.2
2389.37	1174.8
2387.85	1172.4
2386.33	1192.2
2384.82	1192
2383.3	1190
2381.78	1185.2
2380.26	1194
2378.75	1189.4
2377.23	1208.2
2375.71	1201.8
2374.19	1208
2372.66	1189
2371.14	1207.2
2369.62	1217.2
2368.1	1204.2
2366.58	1217.6
2365.05	1216.8
2363.53	1225.8
2362	1239.6
2360.48	1237.2
2358.95	1226.6
2357.42	1246.8
2355.9	1233.6
2354.37	1241.8
2352.84	1247.4
2351.31	1248.8
2349.78	1254.8
2348.25	1243.4
2346.72	1252.4
2345.19	1253.4
2343.66	1267.4
2342.13	1256.2
2340.6	1274.6
2339.06	1280
2337.53	1271.8
2335.99	1283.2
2334.46	1285.6
2332.92	1282
2331.39	1282.8
2329.85	1285.6
2328.31	1302
2326.78	1296
2325.24	1302.8
2323.7	1316.4
2322.16	1302.4
2320.62	1293.2
2319.08	1316.6
2317.54	1309.2
2316	1323
2314.45	1311.6
2312.91	1324
2311.37	1327
2309.82	1331.6
2308.28	1329.4
2306.73	1343.6
2305.19	1325.4
2303.64	1330.8
2302.09	1353
2300.55	1348.4
2299	1344.2
2297.45	1330.8
2295.9	1360.4
2294.35	1354.8
2292.8	1360
2291.25	1359.6
2289.7	1382
2288.15	1372.8
2286.6	1382.8
2285.04	1362.6
2283.49	1376.8
2281.93	1388.6
2280.38	1377.4
2278.82	1389.6
2277.27	1388.8
2275.71	1382.4
2274.15	1401
2272.6	1412.2
2271.04	1405.8
2269.48	1415.8
2267.92	1402.2
2266.36	1411.4
2264.8	1419
2263.24	1415.8
2261.68	1413.2
2260.12	1417
2258.55	1404
2256.99	1431.6
2255.43	1419.6
2253.86	1426.8
2252.3	1441.2
2250.73	1443
2249.16	1430
2247.6	1461.8
2246.03	1462.4
2244.46	1442
2242.89	1462.2
2241.32	1469.8
2239.76	1448.2
2238.18	1457.8
2236.61	1478.6
2235.04	1472.8
2233.47	1470.8
2231.9	1472
2230.32	1476
2228.75	1470.4
2227.18	1489.8
2225.6	1497.2
2224.03	1483
2222.45	1515.6
2220.87	1495.4
2219.3	1495.2
2217.72	1503.2
2216.14	1505.8
2214.56	1510.8
2212.98	1516.6
2211.4	1508.2
2209.82	1506
2208.24	1515.6
2206.66	1523.8
2205.08	1523.8
2203.49	1516.8
2201.91	1556.4
2200.33	1533.8
2198.74	1522.2
2197.16	1536.6
2195.57	1554
2193.98	1553.6
2192.4	1553.4
2190.81	1554.8
2189.22	1557.8
2187.63	1565
2186.04	1578.6
2184.45	1558.6
2182.86	1568.8
2181.27	1581.2
2179.68	1581.6
2178.09	1576.6
2176.49	1568.4
2174.9	1590.4
2173.31	1593.8
2171.71	1596.4
2170.12	1597.8
2168.52	1584
2166.92	1605.8
2165.33	1613.2
2163.73	1619.4
2162.13	1606.6
2160.53	1617
2158.93	1619.4
2157.33	1617.2
2155.73	1634
2154.13	1622.2
2152.53	1619.6
2150.93	1627
2149.32	1635.6
2147.72	1646.2
2146.12	1642.6
2144.51	1651
2142.91	1659.4
2141.3	1657.2
2139.69	1653.2
2138.09	1658
2136.48	1645.2
2134.87	1667.4
2133.26	1668.2
2131.65	1642.2
2130.04	1653
2128.43	1683
2126.82	1677.6
2125.21	1683
2123.6	1683.2
2121.98	1691.8
2120.37	1681.4
2118.76	1683.2
2117.14	1696.4
2115.53	1710.6
2113.91	1687.4
2112.29	1705.4
2110.68	1724.8
2109.06	1701
2107.44	1720.8
2105.82	1723.8
2104.2	1723
2102.58	1716.6
2100.96	1723.2
2099.34	1746.2
2097.72	1715
2096.09	1746.2
2094.47	1762
2092.85	1759.6
2091.22	1743
2089.6	1776
2087.97	1770.6
2086.35	1757.4
2084.72	1758.8
2083.09	1767.2
2081.46	1782.2
2079.83	1786.4
2078.21	1804.6
2076.58	1778.6
2074.95	1805.4
2073.32	1788.4
2071.68	1819.4
2070.05	1821
2068.42	1826.4
2066.79	1817.8
2065.15	1811.8
2063.52	1824.8
2061.88	1846.8
2060.25	1852.6
2058.61	1832.2
2056.97	1832.2
2055.33	1842.8
2053.7	1827.6
2052.06	1857
2050.42	1830
2048.78	1858
2047.14	1870.2
2045.5	1860.4
2043.85	1852.4
2042.21	1877.4
2040.57	1855.6
2038.93	1857
2037.28	1874.6
2035.64	1882
2033.99	1875.2
2032.34	1868.4
2030.7	1892
2029.05	1898.4
2027.4	1903.2
2025.75	1897.4
2024.1	1890.4
2022.45	1912.6
2020.8	1898.2
2019.15	1903
2017.5	1925
2015.85	1931.6
2014.2	1929.2
2012.54	1930.8
2010.89	1945.2
2009.23	1973.2
2007.58	1948.4
2005.92	1946.4
2004.27	1976.4
2002.61	1969.8
2000.95	1968.8
1999.29	1981.6
1997.63	1987
1995.97	1994.2
1994.31	1992
1992.65	1999.2
1990.99	2007.2
1989.33	1990.2
1987.67	2001.2
1986	2033.8
1984.34	2026.4
1982.68	2042.6
1981.01	2033.2
1979.34	2038.2
1977.68	2065.8
1976.01	2061.8
1974.34	2061.2
1972.68	2074.8
1971.01	2044
1969.34	2070
1967.67	2113.6
1966	2101
1964.33	2110
1962.65	2132
1960.98	2115.2
1959.31	2119.8
1957.63	2105.6
1955.96	2115
1954.28	2110.2
1952.61	2120.6
1950.93	2122
1949.26	2134.6
1947.58	2130.2
1945.9	2149.4
1944.22	2147.4
1942.54	2133.4
1940.86	2159.6
1939.18	2148.2
1937.5	2156.6
1935.82	2156.6
1934.13	2176.2
1932.45	2166.4
1930.77	2158.4
1929.08	2183
1927.4	2168
1925.71	2179.6
1924.03	2165
1922.34	2169.4
1920.65	2185.2
1918.96	2186.6
1917.27	2196.4
1915.58	2188.6
1913.89	2206.6
1912.2	2179.6
1910.51	2196.4
1908.82	2198.6
1907.13	2192.4
1905.43	2202.4
1903.74	2202.6
1902.05	2223.2
1900.35	2232.4
1898.66	2219.4
1896.96	2236.8
1895.26	2245.8
1893.56	2251
1891.87	2255.2
1890.17	2240.8
1888.47	2272.4
1886.77	2249.6
1885.07	2265
1883.37	2282
1881.66	2261.6
1879.96	2291.4
1878.26	2297.4
1876.55	2268.4
1874.85	2288.4
1873.14	2291.8
1871.44	2288.8
1869.73	2301.2
1868.02	2296
1866.32	2288.4
1864.61	2293.6
1862.9	2305.6
1861.19	2303.6
1859.48	2303.2
1857.77	2334.6
1856.06	2324.8
1854.34	2325.2
1852.63	2313.8
1850.92	2329
1849.2	2341.6
1847.49	2335.4
1845.77	2344.8
1844.06	2354.8
1842.34	2325.2
1840.62	2357.8
1838.9	2336.8
1837.19	2345.8
1835.47	2346
1833.75	2354.8
1832.03	2361.2
1830.31	2373
1828.58	2363.2
1826.86	2345.2
1825.14	2370.8
1823.41	2366
1821.69	2387.2
1819.96	2369
1818.24	2382
1816.51	2368.4
1814.78	2401.2
1813.06	2415
1811.33	2394.8
1809.6	2398.8
1807.87	2380.6
1806.14	2378
1804.41	2401.8
1802.68	2391.8
1800.95	2405.6
1799.21	2391.4
1797.48	2418.6
1795.75	2423.2
1794.01	2396.6
1792.28	2423.4
1790.54	2426.8
1788.8	2436.8
1787.06	2451.4
1785.33	2441.6
1783.59	2437.6
1781.85	2447.4
1780.11	2440.4
1778.37	2449.2
1776.63	2461.4
1774.88	2459
1773.14	2448.8
1771.4	2465.6
1769.66	2470.4
1767.91	2501.6
1766.17	2513.8
1764.42	2491.6
1762.67	2497.2
1760.93	2504.8
1759.18	2498.8
1757.43	2504.4
1755.68	2509.2
1753.93	2528.4
1752.18	2537.2
1750.43	2528.6
1748.68	2551.6
1746.93	2567.6
1745.17	2575.2
1743.42	2571.6
1741.66	2595.2
1739.91	2618.4
1738.15	2615.6
1736.4	2645.4
1734.64	2658
1732.88	2673.4
1731.12	2689
1729.36	2691.2
1727.61	2725
1725.84	2746.4
1724.08	2785.2
1722.32	2771.8
1720.56	2820
1718.8	2853.2
1717.03	2883.6
1715.27	2899.2
1713.5	2927.6
1711.74	2985.8
1709.97	3025.2
1708.21	3042.8
1706.44	3103.8
1704.67	3151.6
1702.9	3166
1701.13	3209.6
1699.36	3261.2
1697.59	3293.8
1695.82	3316.8
1694.05	3366.6
1692.27	3416.8
1690.5	3438.8
1688.73	3482
1686.95	3503
1685.18	3539.6
1683.4	3571.2
1681.62	3622.8
1679.84	3646
1678.07	3652.6
1676.29	3673.6
1674.51	3691.6
1672.73	3713
1670.95	3748
1669.16	3712.8
1667.38	3759.6
1665.6	3758
1663.82	3784
1662.03	3761
1660.25	3747.2
1658.46	3754.6
1656.68	3745.2
1654.89	3757
1653.1	3723
1651.31	3688.8
1649.52	3661
1647.73	3632.6
1645.94	3630.8
1644.15	3599.6
1642.36	3553
1640.57	3542
1638.78	3523.4
1636.98	3510
1635.19	3496
1633.39	3445.6
1631.6	3459.2
1629.8	3410.8
1628	3397.4
1626.21	3382.8
1624.41	3353.2
1622.61	3343
1620.81	3336.4
1619.01	3306.2
1617.21	3296.6
1615.41	3298.6
1613.6	3258
1611.8	3248
1610	3201.2
1608.19	3218.8
1606.39	3185.2
1604.58	3171
1602.77	3166.4
1600.97	3141.2
1599.16	3121.4
1597.35	3156.6
1595.54	3127.6
1593.73	3104.6
1591.92	3121.2
1590.11	3098
1588.3	3095.4
1586.48	3108.4
1584.67	3070.8
1582.86	3093.6
1581.04	3054.4
1579.23	3077
1577.41	3076.8
1575.59	3059.4
1573.78	3089
1571.96	3059.8
1570.14	3053.8
1568.32	3072.8
1566.5	3074
1564.68	3051.4
1562.86	3070
1561.03	3055.2
1559.21	3058.4
1557.39	3034.2
1555.56	3028.4
1553.74	3035.6
1551.91	3053.4
1550.09	3028.4
1548.26	3015.6
1546.43	3020.8
1544.6	3033.2
1542.77	3034.6
1540.94	3025.2
1539.11	3019
1537.28	3035.2
1535.45	3019.8
1533.62	3017.6
1531.78	3027.4
1529.95	3041.6
1528.11	3025.4
1526.28	3018.6
1524.44	3042.8
1522.61	3058.8
1520.77	3048.8
1518.93	3090.6
1517.09	3076.2
1515.25	3093.6
1513.41	3126
1511.57	3172
1509.73	3181.2
1507.89	3175.2
1506.04	3233.4
1504.2	3272.8
1502.36	3317.4
1500.51	3336.4
1498.66	3365.4
1496.82	3399
1494.97	3443.4
1493.12	3521.8
1491.27	3555
1489.42	3608.6
1487.57	3665
1485.72	3693.6
1483.87	3772.4
1482.02	3813.8
1480.17	3862.6
1478.31	3917
1476.46	3925.4
1474.6	3998
1472.75	4025.4
1470.89	4083
1469.04	4106.8
1467.18	4138.8
1465.32	4162.6
1463.46	4152.4
1461.6	4197.4
1459.74	4213
1457.88	4185.4
1456.02	4181.2
1454.15	4186.2
1452.29	4152.4
1450.43	4173.2
1448.56	4146
1446.7	4134
1444.83	4108.2
1442.96	4093
1441.09	4085.2
1439.23	4073.8
1437.36	4055.4
1435.49	4045.2
1433.62	4029.8
1431.75	4015.6
1429.87	4014.4
1428	3996.8
1426.13	3999.4
1424.25	3982
1422.38	3970.4
1420.5	3992.2
1418.63	3968.8
1416.75	3951
1414.87	3928.2
1412.99	3942
1411.11	3901.8
1409.23	3908
1407.35	3903.4
1405.47	3886.4
1403.59	3884.6
1401.71	3875.8
1399.83	3865.6
1397.94	3856.4
1396.06	3878.4
1394.17	3878.8
1392.28	3853.6
1390.4	3877.8
1388.51	3876
1386.62	3882.2
1384.73	3895.8
1382.84	3914.8
1380.95	3912.4
1379.06	4029.2
1377.17	3969.6
1375.28	3978.6
1373.38	3962.4
1371.49	3992
1369.59	4040.8
1367.7	4074.6
1365.8	4094.2
1363.9	4127
1362.01	4130.2
1360.11	4172.4
1358.21	4180.8
1356.31	4240.2
1354.41	4239
1352.51	4282
1350.61	4244
1348.7	4278.6
1346.8	4274.4
1344.89	4285.8
1342.99	4300
1341.08	4277.2
1339.18	4297.8
1337.27	4265
1335.36	4255.6
1333.45	4261.4
1331.54	4266.8
1329.63	4271.6
1327.72	4277.4
1325.81	4242.6
1323.9	4235
1321.99	4247
1320.07	4210
1318.16	4211.4
1316.24	4181
1314.33	4162
1312.41	4154.2
1310.49	4176.8
1308.58	4172.6
1306.66	4140
1304.74	4100.4
1302.82	4116.2
1300.9	4129.8
1298.97	4092.4
1297.05	4077.6
1295.13	4060.6
1293.2	4051.2
1291.28	4039.6
1289.35	4023
1287.43	4020.8
1285.5	4033.6
1283.57	4019.4
1281.65	4021.8
1279.72	3990.4
1277.79	3976.6
1275.86	3995.6
1273.92	3988.4
1271.99	3993.2
1270.06	3972.4
1268.13	3949.8
1266.19	3943
1264.26	3941.4
1262.32	3932.4
1260.38	3939.6
1258.45	3960.6
1256.51	3926.4
1254.57	3918.2
1252.63	3916.4
1250.69	3913.6
1248.75	3874.8
1246.81	3872
1244.87	3838.8
1242.92	3850.8
1240.98	3862
1239.03	3803
1237.09	3765.6
1235.14	3796.4
1233.2	3779.8
1231.25	3760.8
1229.3	3763
1227.35	3732
1225.4	3703.8
1223.45	3725
1221.5	3664.2
1219.55	3668.6
1217.59	3640.6
1215.64	3656.8
1213.69	3634.8
1211.73	3618.6
1209.77	3623.4
1207.82	3605.6
1205.86	3589.4
1203.9	3542.8
1201.94	3567.6
1199.98	3562.4
1198.02	3548.4
1196.06	3545.8
1194.1	3555.6
1192.14	3569.6
1190.17	3557.6
1188.21	3532.8
1186.25	3552.6
1184.28	3528.2
1182.31	3526.6
1180.35	3548
1178.38	3562.2
1176.41	3574.8
1174.44	3553.6
1172.47	3585.4
1170.5	3581.8
1168.53	3590.8
1166.55	3611.8
1164.58	3632.4
1162.61	3621.6
1160.63	3611.4
1158.66	3629.2
1156.68	3676.6
1154.7	3700.8
1152.73	3700.2
1150.75	3735.6
1148.77	3737.6
1146.79	3747.8
1144.81	3770.4
1142.83	3786.6
1140.84	3804.2
1138.86	3839.8
1136.88	3838.2
1134.89	3846
1132.91	3865
1130.92	3867.2
1128.93	3899.6
1126.95	3923.8
1124.96	3918.4
1122.97	3915.6
1120.98	3922.2
1118.99	3915.2
1117	3946.4
1115	3965.2
1113.01	3958.6
1111.02	3982.6
1109.02	4005.4
1107.03	3990.2
1105.03	3988.8
1103.03	4032.4
1101.04	4012
1099.04	4029.4
1097.04	4042.8
1095.04	4045.4
1093.04	4056
1091.04	4061
1089.04	4038
1087.03	4057.4
1085.03	4067.6
1083.02	4043.2
1081.02	4040.4
1079.01	4044
1077	4058.4
1075	4020.4
1072.99	4039.6
1070.98	4027.8
1068.97	4055
1066.96	4048.6
1064.95	4049.4
1062.94	4036.4
1060.92	4035.4
1058.91	4037.4
1056.89	4045.4
1054.88	4025
1052.86	4061.6
1050.84	4063.8
1048.83	4091.4
1046.81	4065.4
1044.79	4070.6
1042.77	4081.4
1040.75	4103.4
1038.73	4073.2
1036.7	4086.6
1034.68	4112.4
1032.66	4100.8
1030.63	4104
1028.61	4088
1026.58	4082.6
1024.55	4121
1022.52	4127.4
1020.5	4146.8
1018.47	4146.2
1016.44	4154.8
1014.41	4151.2
1012.37	4170.2
1010.34	4184
1008.31	4178.6
1006.27	4197.6
1004.24	4177.6
1002.2	4206.6
1000.17	4199.6
998.129	4213.6
996.091	4200.8
994.052	4235.8
992.012	4227.2
989.972	4260.2
987.931	4264.8
985.889	4252.2
983.845	4276.4
981.802	4323.8
979.757	4342.6
977.712	4357.4
975.666	4398.2
973.619	4417.6
971.572	4403.8
969.524	4434.8
967.475	4477.2
965.424	4504.8
963.373	4519.4
961.322	4556.6
959.269	4544
957.217	4590
955.162	4575.6
953.107	4628.8
951.052	4606.2
948.996	4616.6
946.939	4631.2
944.881	4624.2
942.821	4628.6
940.762	4643
938.702	4632.2
936.641	4620.6
934.579	4621.6
932.516	4582.6
930.452	4575.2
928.388	4585.4
926.324	4544.4
924.257	4547.4
922.19	4528.8
920.123	4527.8
918.055	4493
915.985	4494.2
913.915	4511.2
911.844	4500.2
909.773	4461.8
907.701	4457.2
905.628	4454.2
903.554	4428.2
901.479	4458.4
899.403	4425.2
897.327	4441.2
895.249	4426.2
893.172	4442.8
891.092	4430.4
889.013	4401
886.933	4398.4
884.851	4455.8
882.769	4414.6
880.686	4437.4
878.603	4419.4
876.518	4446.2
874.433	4452.2
872.347	4422.8
870.26	4455.4
868.173	4456.2
866.084	4450.4
863.994	4441.6
861.905	4437.6
859.814	4429.2
857.722	4442.8
855.629	4404
853.536	4380.2
851.441	4398.6
849.346	4382.6
847.251	4342.8
845.154	4328.4
843.056	4327.2
840.958	4302.4
838.859	4303
836.759	4268
834.658	4255
832.556	4221.6
830.454	4196
828.351	4184.8
826.246	4157.4
824.142	4158.4
822.036	4112.8
819.93	4094.8
817.822	4097.8
815.715	4054.6
813.605	4063.6
811.496	4043.6
809.385	4017.6
807.274	4018.2
805.161	4050.6
803.048	4048.2
800.934	3992.6
798.819	4020.2
796.704	4025
794.587	4005.2
792.47	4020.2
790.352	3995.6
788.233	4023
786.114	4019
783.993	4020.8
781.872	4030.2
779.749	4050.6
777.627	4047.6
775.503	4042
773.378	4091.8
771.252	4090.2
769.126	4093
766.999	4100
764.871	4101.4
762.742	4121
760.612	4149.4
758.482	4140.6
756.351	4147.4
754.219	4158.4
752.085	4138
749.952	4172.8
747.817	4175.8
745.682	4192.4
743.545	4176.6
741.408	4177
739.27	4191.2
737.131	4185.2
734.991	4195.6
732.851	4209.6
730.71	4182
728.568	4183
726.424	4176
724.281	4201
722.136	4183.4
719.991	4171
717.844	4171.2
715.697	4167.2
713.549	4149
711.4	4174.4
709.25	4147.2
707.1	4165.4
704.948	4148.2
702.796	4159.4
700.643	4164.6
698.489	4165.6
696.334	4139.8
694.179	4152.4
692.022	4148.8
689.865	4152.2
687.706	4166.6
685.547	4136.8
683.388	4185.2
681.227	4172.6
679.066	4184
676.903	4183
674.74	4227.2
672.576	4176.2
670.411	4219.4
668.245	4214.6
666.078	4216
663.911	4228.4
661.742	4246.4
659.573	4232.8
657.403	4245
655.232	4261.8
653.061	4258.8
650.888	4251.8
648.714	4258
646.54	4249.8
644.365	4257.2
642.189	4250
640.012	4234.2
637.834	4258.4
635.655	4266.2
633.476	4254
631.295	4258.4
629.114	4286.2
626.932	4269.8
624.75	4260.2
622.566	4262
620.381	4241.4
618.196	4271.8
616.009	4274.6
613.823	4276.2
611.635	4288.8
609.445	4281.4
607.256	4288.2
605.065	4276.8
602.873	4301.2
600.681	4317.4
598.488	4295.8
596.294	4286.6
594.099	4302.8
591.903	4342
589.706	4338.4
587.509	4355.8
585.311	4368.6
583.111	4375.6
580.911	4354.8
578.71	4363
576.508	4365.8
574.305	4424.2
572.102	4414.8
569.898	4456.4
567.692	4442.6
565.486	4432.8
563.279	4450.6
561.071	4481.6
558.862	4513.2
556.652	4519.6
554.442	4539
552.23	4564.8
550.019	4630.6
547.805	4621.4
545.591	4669
543.376	4711
541.16	4703.4
538.944	4734.2
536.726	4744.6
534.508	4802
532.288	4813
530.068	4832.4
527.847	4835.4
525.625	4847.4
523.403	4849
521.179	4848.2
518.954	4861.2
516.729	4871.6
514.503	4841
512.275	4853
510.047	4841.2
507.818	4829.4
505.588	4801
503.358	4806.8
501.126	4790.6
498.893	4771.6
496.66	4781.4
494.426	4752.4
492.191	4744.8
489.955	4747.6
487.718	4718.4
485.48	4723.8
483.242	4750.8
481.002	4711.8
478.761	4708.6
476.52	4715.2
474.278	4706.2
472.035	4698
469.791	4715.4
467.545	4681.8
465.3	4707.2
463.054	4731.4
460.806	4755.2
458.558	4746.4
456.308	4742.8
454.058	4732.4
451.807	4765.6
449.555	4759.8
447.302	4767.8
445.048	4763.4
442.794	4760
440.538	4788.2
438.282	4770.4
436.024	4781.8
433.766	4777.6
431.506	4848.2
429.246	4821.2
426.985	4822
424.724	4802
422.461	4822.2
420.197	4829.4
417.933	4812.8
415.667	4822
413.401	4808
411.134	4839
408.866	4835.6
406.597	4857.4
404.326	4861.6
402.056	4880
399.784	4841.4
397.512	4846.2
395.238	4868.2
392.964	4936.6
390.689	4931.2
388.412	4959
386.135	4977.8
383.857	4970.2
381.578	5049.4
379.298	5078.6
377.017	5113.2
374.736	5131
372.453	5219
370.169	5245.4
367.885	5279.6
365.599	5319.8
363.313	5380.6
361.026	5443.8
358.738	5505.6
356.449	5521.4
354.16	5540.6
351.869	5572
349.577	5638.4
347.285	5633.4
344.991	5749
342.697	5776.8
340.401	5795.8
338.105	5840.8
335.808	5869.2
333.509	5907.8
331.211	5930.8
328.91	6014.8
326.61	6082.6
324.308	6134.8
322.006	6202.8
319.702	6279.4
317.397	6237.4
315.092	6354.4
312.786	6375.6
310.479	6416.2
308.17	6485
305.862	6552
303.551	6600.8
301.24	6722
298.928	6836.6
296.616	6807.6
294.302	6844.2
291.987	6930.8
289.672	7021.6
287.356	7033
285.039	7089.6
282.72	7129.6
280.401	7119.6
278.08	7207.2
275.76	7293.2
273.437	7323.2
271.114	7402.8
268.791	7525.6
266.466	7543.8
264.14	7623.6
261.813	7714.6
259.486	7836.4
257.157	7787.4
254.828	7854
252.498	7929
250.166	7878.6
247.834	7979.4
245.501	8073.2
243.166	8097.8
240.832	8172.2
238.495	8203.6
236.158	8262.8
233.821	8284.4
231.482	8340.8
229.142	8360.6
226.801	8449.6
224.46	8575.6
222.117	8594.8
219.774	8676.4
217.43	8778.4
215.085	8862.2
212.738	8963.6
210.391	9120.2
208.043	9256.6
205.693	9238.2
203.344	9403.4
200.992	9583.8
198.64	9720.4
196.288	9808.6
193.934	9921.4
191.579	10009.6
189.223	10178.4
186.867	10390.4
184.509	10569
182.151	10759.4
179.791	10936.4
177.431	11043.8
175.069	11203.2
172.707	11362.8
170.344	11585
167.98	11830.4
165.615	12103.2
163.248	12273.8
160.881	12448.4
158.514	12735.8
156.145	12989.2
153.775	13349.8
151.404	13599.2
149.032	13890
146.659	14189.8
144.285	14369.2
141.911	14739.2
139.535	15127.6
137.158	15545.4
134.781	16073.4
132.403	16506.6
130.023	16997
127.643	17456.4
125.261	18096.4
122.879	18655.8
120.496	19385.6
118.111	20081.6
115.726	20767.2
113.34	21616.8
110.954	22424.4
108.565	23416
106.177	24519.4
103.786	25701
101.395	26969.4
99.0032	28766.6
96.6106	30885.2
94.2161	32944.4
91.8217	34754.8
89.4264	36528.8
87.0292	38579.4
84.632	40819.4
82.233	43498.2
79.8331	46429.8
77.4322	49843.6
75.0315	54068.2
72.6288	58920.2
70.2252	64074.8
67.8208	64524
65.4154	64524
63.0091	64524
60.6018	64524
58.1927	64524
55.7837	64524
53.3737	64524
50.9618	64524
48.5501	64524
46.1373	64524
43.7227	64524
41.3072	64524
38.8917	64524
36.4744	64524
34.0561	64524
31.6369	64524
29.2177	64524
26.7967	64524
24.3747	64524
21.9518	64524
19.527	64524
17.1022	64524
14.6766	64524
12.25	64524
9.82148	64524
7.39304	64524
4.96367	64524
2.53238	64524
0.101156	64524
-2.33199	64524
-4.76606	64524
-7.20007	64524
-9.636	64524
-12.0729	64524
-14.5107	64524
-16.9494	64524
-19.389	64524
-21.8296	64524
-24.2712	64524
-26.7136	64524
-29.157	64524
-31.6023	64524
-34.0476	64524
-36.4938	64524
-38.9419	64524
-41.39	64524
-43.84	64524
-46.29	64524
-48.7418	64524
-51.1947	64524
-53.6474	64524
-56.1021	64524
-58.5578	64524
-61.0144	64524
-63.4719	49136.2
-65.9304	37524.2
-68.3898	32281.6
-70.8502	28095.4
-73.3115	24390.8
-75.7738	21432.6
-78.238	18808.8
-80.7021	16450.6
-83.1672	14568.8
-85.6343	12998
-88.1012	11565
-90.5702	10427.4
-93.0391	9408
-95.5099	8425.8
-97.9817	7610.4
-100.453	6804
-102.927	6184.4
-105.402	5647.8
-107.877	5133.6
-110.354	4762.8
-112.832	4415.6
-115.31	4121.8
-117.789	3818.4
-120.27	3559
-122.751	3317.2
-125.234	3091.2
-127.718	2917.8
-130.202	2795
-132.688	2684.2
-135.174	2600.6
-137.662	2545
-140.15	2412.8
-142.64	2320
-145.13	2227.4
-147.622	2160
-150.115	2139.6
-152.609	2106.6
-155.103	2056.8
-157.599	1983
-160.096	1892.2
-162.593	1822.4
-165.092	1778.8
-167.592	1699
-170.092	1655
-172.595	1582.4
-175.098	1489.8
-177.601	1453
-180.107	1430
-182.612	1381.2
-185.119	1307
-187.627	1202.6
-190.135	1108
-192.646	1056.4
-195.157	1011.4
-197.669	995
-200.182	928.8
-202.696	896
-205.21	838.8
-207.727	810
-210.244	790
-212.762	739
-215.281	704.8
-217.802	646
-220.323	609.8
-222.845	602.4
-225.369	567
-227.893	540.4
-230.418	513.2
-232.944	486.8
-235.472	482.8
-238	463
-240.53	459.2
-243.06	434.6
-245.592	421.6
-248.124	415
-250.658	398.8
-253.193	385.4
-255.728	383.2
-258.265	375.4
-260.803	361.8
-263.342	364
-265.882	350.8
-268.423	344.2
-270.965	337.6
-273.508	338.8
-276.052	330.8
-278.597	334.8
-281.143	332.6
-283.69	317
-286.238	314.4
-288.787	305.4
-291.338	290.4
-293.889	299
-296.441	293.6
-298.995	285.4
-301.55	284.2
-304.105	280.2
-306.662	276.2
-309.218	269.8
-311.777	269.8
-314.337	275.4
-316.898	263.2
-319.46	258.8
-322.023	253
-324.586	259.2
-327.151	248
-329.717	239.6
-332.285	239
-334.853	245.6
-337.422	237
-339.992	243.4
-342.563	231.2
-345.136	234.4
-347.709	238.2
-350.283	233.8
-352.859	229.8
-355.435	227
-358.013	234.8
-360.591	225.4
-363.171	227.2
-365.752	218
-368.334	215.6
-370.917	209.6
-373.5	214.6
-376.085	214.6
-378.672	216.8
-381.259	212.8
-383.847	210.4
-386.436	205.8
-389.027	212.6
-391.618	205.6
-394.211	204.2
-396.804	203.6
-399.398	192
-401.994	198.6
-404.591	196
-407.189	194.2
-409.787	193.8
-412.388	191.6
-414.989	183.4
-417.59	186.4
-420.194	185
-422.798	182.4
-425.403	193.8
-428.01	180.8
-430.617	182.2
-433.226	179
-435.836	177.6
-438.445	174.6
-441.057	178.2
-443.67	176.2
-446.284	175.8
-448.899	175.6
-451.516	173.2
-454.133	172.2
-456.751	165.2
-459.37	171.2
-461.99	169.6
-464.612	176.6
-467.234	167.2
-469.857	168.4
-472.483	170
-475.108	168.2
-477.735	169
-480.363	163.4
-482.992	160.6
-485.622	159.4
-488.253	167.8
-490.885	179.2
-493.519	164.8
-496.154	162.4
-498.789	166.8
-501.426	163.4
-504.064	165.2
-506.702	168.6
-509.342	169.8
-511.983	166.8
-514.625	162
-517.269	166.4
-519.913	169.4
-522.558	154.2
-525.205	168.8
-527.852	170
-530.501	166.6
-533.151	164.2
-535.801	156.6
-538.453	170.6
-541.106	164
-543.761	168
-546.416	165.6
-549.072	169
-551.73	170.2
-554.388	158.2
-557.047	167.6
-559.708	162.6
-562.37	165.2
-565.033	160.6
-567.697	171.2
-570.362	161.6
-573.029	158.6
-575.695	163
-578.364	164.2
-581.034	160.6
-583.705	159.2
-586.376	156.6
-589.049	154.8
-591.723	160.6
-594.398	159.8
-597.075	151.6
-599.752	161.4
-602.43	156.6
-605.11	157
-607.791	157
-610.472	150.2
-613.155	161.8
-615.84	157.4
-618.525	155.6
-621.211	156.2
-623.898	159.8
-626.587	150.6
-629.276	154
-631.966	159.2
-634.659	157.8
-637.351	157.8
-640.046	162.8
-642.741	157
-645.438	152.8
-648.134	160.2
-650.833	150.2
-653.533	158.4
-656.233	150.8
-658.936	156.8
-661.639	161.2
-664.342	145.8
-667.048	152.4
-669.755	151.6
-672.462	153.6
-675.171	154.8
-677.881	157.8
-680.592	164
-683.304	144.4
-686.017	157.8
-688.731	151.8
-691.447	156.6
-694.163	148.4
-696.881	162.2
-699.6	151.2
-702.319	160
-705.041	151
-707.763	157.8
-710.486	149.6
-713.21	142.8
-715.937	151.8
-718.663	155
-721.392	158
-724.12	156.2
-726.85	156.4
-729.582	155.6
-732.314	150.6
-735.048	152.4
-737.783	153.4
-740.519	156
-743.256	150.8
-745.995	156.8
-748.733	149
-751.474	154.6
-754.216	151.4
-756.958	148
-759.702	151.8
-762.447	155.6
-765.193	152.8
-767.941	156.2
-770.69	148.4
-773.439	151
-776.19	156.4
-778.942	148.2
-781.695	152.8
-784.449	152.8
-787.205	148.2
-789.961	146.8
-792.719	151.6
-795.477	147.6
-798.238	149.4
-800.999	151.8
-803.761	141.6
-806.525	146.6
-809.29	141
-812.055	149.8
-814.822	152.2
-817.591	147
-820.36	143.6
-823.131	151
-825.902	142.8
-828.675	143.6
-831.449	150.8
-834.224	146.6
-837	140.2
-839.778	144.2
-842.556	145.4
-845.336	152
-848.117	143.6
-850.898	145.6
-853.682	138.4
-856.467	145.8
-859.253	144.6
-862.04	149.4
-864.827	142
-867.616	148.4
-870.406	146.8
-873.198	144.6
-875.991	151.2
-878.784	148
-881.579	159
-884.376	150
-887.173	155
-889.971	159.2
-892.771	155.8
-895.572	154.6
-898.374	154.6
-901.177	155.4
-903.982	161.6
-906.787	157
-909.594	161
-912.402	154.6
-915.21	158.4
-918.022	158.2
-920.833	154.2
-923.645	159.4
-926.46	159
-929.274	161
-932.091	160.2
-934.908	154.2
-937.726	169.6
-940.546	170
-943.367	173.2
-946.19	165.2
-949.012	170.6
-951.837	174.6
-954.664	172.2
-957.49	182
-960.318	171.8
-963.147	174.8
-965.978	180.6
-968.81	187.2
-971.643	176.8
-974.476	177
-977.312	177.8
-980.149	184.4
-982.987	179.2
-985.824	180.6
-988.665	179.6
-991.506	178.4
-994.349	171.2
-997.193	178
-1000.04	182.2
-1002.88	175.8
-1005.73	178.2
-1008.58	182.4
-1011.43	184.6
-1014.28	181.8
-1017.13	167.8
-1019.99	182.2
-1022.84	172.4
-1025.7	175.8
-1028.55	179.8
-1031.41	186.6
-1034.27	178.8
-1037.13	174.8
-1039.99	177.8
-1042.85	178.4
-1045.72	184.2
-1048.58	177.6
-1051.45	178.4
-1054.32	178
-1057.19	171
-1060.06	185.6
-1062.93	187.4
-1065.8	181
-1068.68	182.2
-1071.55	193
-1074.43	188.4
-1077.3	178
-1080.18	184.2
-1083.06	178.8
-1085.95	179.8
-1088.83	180.8
-1091.71	178
-1094.6	181.4
-1097.48	177.8
-1100.37	183.4
-1103.26	175.6
-1106.15	180
-1109.04	184.2
-1111.93	188.6
-1114.82	186.8
-1117.72	185
-1120.61	186.6
-1123.51	180.8
-1126.41	184.2
-1129.31	193.2
-1132.21	196.6
-1135.11	201.2
-1138.02	201.8
-1140.92	200.2
-1143.83	200.4
-1146.73	203.2
-1149.64	205.4
-1152.55	214.2
-1155.46	220.4
-1158.37	224.4
-1161.29	233.4
-1164.2	247.4
-1167.12	253
-1170.03	265
-1172.95	276.4
-1175.87	319.4
-1178.79	371.2
-1181.71	423.2
-1184.64	506.8
-1187.56	608.8
-1190.49	748
-1193.42	885.4
-1196.34	1019.8
-1199.27	1144.2
-1202.2	1251.8
-1205.13	1342.8
-1208.07	1548
-1211	1706.6
-1213.94	1918.8
-1216.87	2105.4
-1219.81	2190.8
-1222.75	2223.4
-1225.69	2390
-1228.63	2577.4
-1231.58	2772.2
-1234.52	2982
-1237.47	3042.2
-1240.42	3115.6
-1243.36	3384.2
-1246.31	3722.4
-1249.26	3898.6
-1252.22	4228
-1255.17	4757.6
-1258.12	5196.6
-1261.08	5106.6
-1264.04	4930.6
-1266.99	4692.4
-1269.95	4215
-1272.91	3659.4
-1275.88	2964.8
-1278.84	2334
-1281.8	1746.2
-1284.77	1144.6
-1287.74	678.6
-1290.71	454.6
-1293.68	391
-1296.65	360.8
-1299.62	339.2
-1302.59	320.4
-1305.57	302.6
-1308.54	290.2
-1311.52	283
-1314.5	260.2
-1317.48	255
-1320.46	248.4
-1323.44	253.2
-1326.43	244.6
-1329.41	253
-1332.4	252.2
-1335.38	238.4
-1338.37	240.8
-1341.36	236.4
-1344.36	241.4
-1347.35	246.8
-1350.34	237.4
-1353.34	243.8
-1356.33	251.2
-1359.33	259.2
-1362.33	251
-1365.33	256.2
-1368.33	272.6
-1371.34	291
-1374.34	270.2
-1377.35	243.4
-1380.35	260.4
-1383.36	252.8
-1386.37	220.6
-1389.38	203.4
-1392.39	171.2
