2745.93	117
2744.54	120.6
2743.15	114.4
2741.77	125
2740.38	120.4
2738.99	115
2737.6	120.2
2736.21	115.8
2734.82	127.2
2733.43	122
2732.04	121.6
2730.65	118.4
2729.26	123.8
2727.87	124.8
2726.47	131
2725.08	119.2
2723.69	125.4
2722.29	119.8
2720.9	120
2719.5	118.8
2718.11	121
2716.71	114.2
2715.32	116.4
2713.92	126.4
2712.52	115
2711.12	120
2709.72	122.2
2708.32	121.4
2706.92	116
2705.52	127.4
2704.12	123.4
2702.72	117.4
2701.32	122.2
2699.92	109.6
2698.52	117.4
2697.11	118
2695.71	114.2
2694.3	118.6
2692.9	127.8
2691.49	127.6
2690.09	117.2
2688.68	125.8
2687.28	117.2
2685.87	128.2
2684.46	122.4
2683.05	123.4
2681.64	123.6
2680.23	120.8
2678.82	116.6
2677.41	130
2676	124
2674.59	115.6
2673.18	126.8
2671.77	120.6
2670.35	123.6
2668.94	126.2
2667.53	124
2666.11	119.8
2664.7	127.4
2663.28	119.6
2661.87	128.2
2660.45	116.6
2659.03	131
2657.62	120.4
2656.2	126.8
2654.78	122.2
2653.36	128.6
2651.94	127
2650.52	121.4
2649.1	129.2
2647.68	124
2646.26	123.6
2644.83	122
2643.41	122.6
2641.99	130.4
2640.57	123.4
2639.14	130.8
2637.72	133.8
2636.29	132.6
2634.87	130.6
2633.44	126.8
2632.01	126.4
2630.59	135.6
2629.16	131.2
2627.73	130.6
2626.3	146.6
2624.87	127.8
2623.44	127.2
2622.01	132.6
2620.58	131.8
2619.15	130.4
2617.72	125.4
2616.28	134.2
2614.85	133.4
2613.42	126.8
2611.98	138.6
2610.55	135.6
2609.11	126.6
2607.68	138.2
2606.24	133
2604.81	134.8
2603.37	127.4
2601.93	134.2
2600.49	126.2
2599.05	133.8
2597.62	131.6
2596.18	124.2
2594.73	133
2593.29	142.6
2591.85	125.8
2590.41	139.6
2588.97	137.6
2587.53	134.8
2586.08	134.4
2584.64	130.8
2583.19	137
2581.75	140.6
2580.3	145.2
2578.86	142.6
2577.41	145.8
2575.96	144.8
2574.52	132.2
2573.07	140.6
2571.62	145.2
2570.17	138
2568.72	133.4
2567.27	140
2565.82	139
2564.37	145.2
2562.92	144.4
2561.47	143.4
2560.01	142
2558.56	140.6
2557.1	142.6
2555.65	145.8
2554.2	147.6
2552.74	143.2
2551.28	146.2
2549.83	146.2
2548.37	147.2
2546.91	149.2
2545.46	150.4
2544	147.6
2542.54	150.4
2541.08	148.4
2539.62	146
2538.16	143.8
2536.7	148
2535.23	146
2533.77	143.8
2532.31	153
2530.85	142
2529.38	153.6
2527.92	143.2
2526.45	148.6
2524.99	158
2523.52	145.4
2522.05	147.8
2520.59	147.8
2519.12	154
2517.65	153.8
2516.18	155.6
2514.71	149.4
2513.24	151.8
2511.77	153.6
2510.3	152.4
2508.83	150.8
2507.36	157.6
2505.89	148.2
2504.41	150.8
2502.94	144.8
2501.47	150
2499.99	153.4
2498.52	156
2497.04	143
2495.56	162.6
2494.09	158.2
2492.61	150.4
2491.13	148.6
2489.65	160
2488.17	149.8
2486.69	159.4
2485.21	157.6
2483.73	155.8
2482.25	156.6
2480.77	162.4
2479.29	160.4
2477.81	157
2476.32	155.4
2474.84	173.6
2473.36	161.8
2471.87	159.2
2470.38	156
2468.9	162.2
2467.41	157.8
2465.93	168.8
2464.44	161.8
2462.95	164.8
2461.46	166.6
2459.97	167
2458.48	166
2456.99	159
2455.5	165.8
2454.01	178.8
2452.52	157.2
2451.03	160
2449.53	184.8
2448.04	233.6
2446.55	189.4
2445.05	172.4
2443.56	157.8
2442.06	163.2
2440.56	170
2439.07	165
2437.57	162.8
2436.07	170.4
2434.57	165.8
2433.07	163.2
2431.57	170.8
2430.07	166.2
2428.57	159.4
2427.07	173.6
2425.57	162.4
2424.07	167.2
2422.57	173.2
2421.06	164
2419.56	164.6
2418.05	171
2416.55	174.8
2415.04	170.8
2413.54	171.4
2412.03	171.2
2410.52	177
2409.02	172.2
2407.51	180.8
2406	170.8
2404.49	172
2402.98	169.2
2401.47	169.6
2399.96	166.4
2398.45	171.2
2396.93	176.4
2395.42	173.4
2393.91	176
2392.39	171.4
2390.88	180.6
2389.37	174.8
2387.85	178.8
2386.33	175.4
2384.82	176.6
2383.3	179.6
2381.78	175
2380.26	173.2
2378.75	184.8
2377.23	184.2
2375.71	181.2
2374.19	182
2372.66	189
2371.14	183
2369.62	188.8
2368.1	183.2
2366.58	184.8
2365.05	176
2363.53	187.2
2362	174.2
2360.48	186.4
2358.95	180.6
2357.42	177.6
2355.9	184
2354.37	183.8
2352.84	182
2351.31	183.4
2349.78	181.2
2348.25	190.8
2346.72	189
2345.19	183.6
2343.66	186.8
2342.13	194.4
2340.6	183.2
2339.06	198.4
2337.53	193.4
2335.99	190.8
2334.46	191.8
2332.92	189.4
2331.39	193.6
2329.85	208.8
2328.31	191.4
2326.78	194.8
2325.24	192.6
2323.7	192.6
2322.16	194
2320.62	185.2
2319.08	190
2317.54	189.8
2316	189.4
2314.45	195.2
2312.91	190
2311.37	190.8
2309.82	195.6
2308.28	197.4
2306.73	199.2
2305.19	192
2303.64	200.6
2302.09	198
2300.55	195.4
2299	194.8
2297.45	195.6
2295.9	195
2294.35	196
2292.8	200.8
2291.25	198.2
2289.7	200.8
2288.15	199.6
2286.6	198.6
2285.04	187
2283.49	206.2
2281.93	196.2
2280.38	198
2278.82	201.8
2277.27	204.2
2275.71	196.4
2274.15	208.2
2272.6	204.8
2271.04	204.8
2269.48	194.8
2267.92	191.2
2266.36	200.2
2264.8	195.4
2263.24	203.2
2261.68	208.8
2260.12	196.4
2258.55	204.8
2256.99	201.6
2255.43	196.4
2253.86	202
2252.3	203.6
2250.73	204.2
2249.16	197.8
2247.6	205.2
2246.03	205.4
2244.46	208
2242.89	206
2241.32	200.4
2239.76	210.8
2238.18	192.2
2236.61	203.2
2235.04	204.6
2233.47	208
2231.9	213.4
2230.32	203.4
2228.75	198.8
2227.18	204.2
2225.6	210.2
2224.03	212
2222.45	202
2220.87	202
2219.3	214.8
2217.72	216
2216.14	213.8
2214.56	207.8
2212.98	206.4
2211.4	209.2
2209.82	212.2
2208.24	208
2206.66	205
2205.08	209.6
2203.49	212.2
2201.91	212.8
2200.33	209.8
2198.74	216.2
2197.16	229
2195.57	210
2193.98	217.6
2192.4	211.6
2190.81	215.6
2189.22	219.2
2187.63	218.6
2186.04	213
2184.45	218
2182.86	219.6
2181.27	214.2
2179.68	215
2178.09	212.8
2176.49	223
2174.9	226.8
2173.31	218.8
2171.71	221
2170.12	225.4
2168.52	217.4
2166.92	215.8
2165.33	225.4
2163.73	213.6
2162.13	227.4
2160.53	227.4
2158.93	222.6
2157.33	223.8
2155.73	226
2154.13	222
2152.53	220.6
2150.93	221
2149.32	229.6
2147.72	227.8
2146.12	234
2144.51	221.8
2142.91	235.2
2141.3	223.6
2139.69	228.6
2138.09	219.2
2136.48	226.8
2134.87	222.2
2133.26	225.4
2131.65	225.6
2130.04	228.4
2128.43	231
2126.82	226.4
2125.21	236.4
2123.6	233
2121.98	235.2
2120.37	228.2
2118.76	228.2
2117.14	232
2115.53	230.6
2113.91	225.2
2112.29	236.4
2110.68	229
2109.06	231
2107.44	228.2
2105.82	236.4
2104.2	237.2
2102.58	232
2100.96	235.6
2099.34	231.6
2097.72	237.8
2096.09	246
2094.47	237.8
2092.85	232.8
2091.22	244.4
2089.6	240
2087.97	234
2086.35	239.6
2084.72	246.6
2083.09	228
2081.46	242.8
2079.83	241.6
2078.21	236.6
2076.58	242.4
2074.95	242.8
2073.32	239.8
2071.68	245.8
2070.05	252.6
2068.42	239.4
2066.79	251.8
2065.15	240.8
2063.52	244.8
2061.88	242.2
2060.25	249.6
2058.61	249
2056.97	245.4
2055.33	253.2
2053.7	246.6
2052.06	251.6
2050.42	248.8
2048.78	249.8
2047.14	256.8
2045.5	246.4
2043.85	238.2
2042.21	246.2
2040.57	242.8
2038.93	243.6
2037.28	250.4
2035.64	253.8
2033.99	247.4
2032.34	246.8
2030.7	246.4
2029.05	251.8
2027.4	251.4
2025.75	248
2024.1	241.6
2022.45	243.8
2020.8	257.6
2019.15	265.6
2017.5	259.2
2015.85	254.2
2014.2	251.2
2012.54	257.2
2010.89	260.8
2009.23	248.8
2007.58	255.6
2005.92	254.6
2004.27	256.4
2002.61	257.8
2000.95	261.8
1999.29	254.2
1997.63	265.4
1995.97	266.4
1994.31	271.4
1992.65	262.8
1990.99	266.6
1989.33	260
1987.67	267
1986	271.6
1984.34	272.4
1982.68	264.8
1981.01	265.8
1979.34	271.4
1977.68	276.8
1976.01	270.8
1974.34	274.2
1972.68	257.2
1971.01	268.8
1969.34	274.6
1967.67	268.8
1966	284.6
1964.33	281.6
1962.65	276.2
1960.98	286.8
1959.31	275.8
1957.63	282.4
1955.96	270.6
1954.28	276.2
1952.61	275.4
1950.93	278.2
1949.26	274.6
1947.58	277.6
1945.9	280.6
1944.22	279.4
1942.54	279
1940.86	282
1939.18	285
1937.5	282.4
1935.82	297.2
1934.13	285.2
1932.45	287.6
1930.77	282.4
1929.08	287
1927.4	290.2
1925.71	279.4
1924.03	293
1922.34	291.4
1920.65	286.6
1918.96	285.4
1917.27	282
1915.58	279.8
1913.89	281.6
1912.2	285.6
1910.51	287.8
1908.82	280.8
1907.13	284
1905.43	286.2
1903.74	284.2
1902.05	284.8
1900.35	288.6
1898.66	285.6
1896.96	292.6
1895.26	295.6
1893.56	295.2
1891.87	293
1890.17	285.8
1888.47	287
1886.77	298
1885.07	293.6
1883.37	289.6
1881.66	300.4
1879.96	295.8
1878.26	296.8
1876.55	303.4
1874.85	290.4
1873.14	298
1871.44	297.2
1869.73	296.4
1868.02	313.2
1866.32	294.6
1864.61	294
1862.9	289.2
1861.19	295.8
1859.48	295
1857.77	296.2
1856.06	296.4
1854.34	299.2
1852.63	293.4
1850.92	305
1849.2	301.4
1847.49	302.2
1845.77	305.4
1844.06	296.4
1842.34	297.4
1840.62	298.4
1838.9	302.6
1837.19	301
1835.47	306
1833.75	309.4
1832.03	302
1830.31	308.8
1828.58	311
1826.86	311.2
1825.14	302.4
1823.41	303.6
1821.69	307.4
1819.96	306.2
1818.24	300.2
1816.51	316.2
1814.78	307.6
1813.06	316.2
1811.33	311.4
1809.6	306
1807.87	307.2
1806.14	303.4
1804.41	314.8
1802.68	304.2
1800.95	299.8
1799.21	314
1797.48	308.4
1795.75	311.2
1794.01	312.6
1792.28	308.4
1790.54	303.2
1788.8	315.2
1787.06	317.6
1785.33	311.4
1783.59	311
1781.85	314.2
1780.11	316.6
1778.37	316.4
1776.63	310.2
1774.88	310.8
1773.14	309.6
1771.4	318.8
1769.66	310.6
1767.91	311.6
1766.17	321.6
1764.42	318.6
1762.67	310
1760.93	312.4
1759.18	321.4
1757.43	318.6
1755.68	323.8
1753.93	327.2
1752.18	322.8
1750.43	325.4
1748.68	322.8
1746.93	319.4
1745.17	331.8
1743.42	328.6
1741.66	322.4
1739.91	320.6
1738.15	343.6
1736.4	332.6
1734.64	331.6
1732.88	335.4
1731.12	329.8
1729.36	330.8
1727.61	340.4
1725.84	347.2
1724.08	334.4
1722.32	343.2
1720.56	340.4
1718.8	337.4
1717.03	343.8
1715.27	347.8
1713.5	345.4
1711.74	356
1709.97	364.4
1708.21	355
1706.44	366.4
1704.67	367.4
1702.9	364.6
1701.13	378
1699.36	374.2
1697.59	391.8
1695.82	380.6
1694.05	389
1692.27	402
1690.5	403.2
1688.73	412.2
1686.95	423
1685.18	414.8
1683.4	421.6
1681.62	434
1679.84	447
1678.07	453.4
1676.29	465.8
1674.51	470.8
1672.73	473.8
1670.95	476.2
1669.16	485.2
1667.38	494
1665.6	498.2
1663.82	498
1662.03	512.4
1660.25	517.6
1658.46	528
1656.68	515.4
1654.89	535.2
1653.1	538.2
1651.31	547.8
1649.52	551.6
1647.73	559.4
1645.94	569.2
1644.15	580.2
1642.36	578.6
1640.57	589.8
1638.78	593.8
1636.98	598.2
1635.19	589.4
1633.39	605.2
1631.6	616
1629.8	612.4
1628	617.8
1626.21	617.6
1624.41	604
1622.61	597.6
1620.81	591
1619.01	590
1617.21	575.4
1615.41	564
1613.6	555
1611.8	549.2
1610	552.8
1608.19	544.8
1606.39	548.2
1604.58	538.2
1602.77	537.2
1600.97	531
1599.16	536.8
1597.35	535.2
1595.54	532
1593.73	546.2
1591.92	544.6
1590.11	556.6
1588.3	562.6
1586.48	574.8
1584.67	561.2
1582.86	571.8
1581.04	575
1579.23	574
1577.41	591.4
1575.59	577
1573.78	593
1571.96	619
1570.14	618.4
1568.32	616.6
1566.5	625.4
1564.68	619.4
1562.86	630.8
1561.03	614.8
1559.21	607
1557.39	609.2
1555.56	589
1553.74	591
1551.91	581
1550.09	565.4
1548.26	550
1546.43	531.4
1544.6	511
1542.77	494
1540.94	483.4
1539.11	471.2
1537.28	462.4
1535.45	457.2
1533.62	433.4
1531.78	436.8
1529.95	431.8
1528.11	430.4
1526.28	416.4
1524.44	407.8
1522.61	417
1520.77	421.4
1518.93	401.2
1517.09	404
1515.25	405.8
1513.41	400.4
1511.57	403.4
1509.73	401.2
1507.89	401.4
1506.04	396.4
1504.2	395.2
1502.36	397.6
1500.51	395.6
1498.66	411.8
1496.82	401.6
1494.97	398.6
1493.12	405.8
1491.27	414.4
1489.42	414.2
1487.57	421.4
1485.72	431.2
1483.87	441.2
1482.02	438.2
1480.17	451.8
1478.31	461.8
1476.46	475.4
1474.6	484
1472.75	494
1470.89	499.8
1469.04	520.2
1467.18	517.8
1465.32	531.4
1463.46	539.6
1461.6	545
1459.74	558.8
1457.88	553.8
1456.02	552.8
1454.15	550.2
1452.29	551.2
1450.43	541.2
1448.56	548.8
1446.7	534.4
1444.83	537.2
1442.96	518.2
1441.09	523.6
1439.23	501.4
1437.36	507.8
1435.49	494.4
1433.62	502.2
1431.75	505
1429.87	476.4
1428	478.6
1426.13	471
1424.25	466
1422.38	463
1420.5	460.4
1418.63	464.2
1416.75	454.2
1414.87	461.8
1412.99	473.8
1411.11	480.6
1409.23	487.6
1407.35	493.4
1405.47	484.4
1403.59	490.8
1401.71	492.2
1399.83	484.8
1397.94	494.2
1396.06	472
1394.17	472
1392.28	484
1390.4	478.8
1388.51	469.2
1386.62	463.6
1384.73	466
1382.84	473.6
1380.95	477.2
1379.06	492.2
1377.17	472.6
1375.28	459.6
1373.38	475.8
1371.49	466.8
1369.59	474.8
1367.7	468.2
1365.8	479.6
1363.9	480.6
1362.01	484
1360.11	491.2
1358.21	499.2
1356.31	499
1354.41	505
1352.51	522
1350.61	527
1348.7	520.4
1346.8	531.2
1344.89	532.4
1342.99	528.8
1341.08	526.8
1339.18	524.8
1337.27	519.8
1335.36	507.4
1333.45	517.2
1331.54	512
1329.63	509.4
1327.72	519.6
1325.81	513.6
1323.9	505.6
1321.99	502.6
1320.07	498.2
1318.16	490.8
1316.24	500.6
1314.33	496.2
1312.41	499.4
1310.49	490.4
1308.58	493.2
1306.66	475.4
1304.74	476
1302.82	473.4
1300.9	469.2
1298.97	470.4
1297.05	462.8
1295.13	468.6
1293.2	457.4
1291.28	450.8
1289.35	453.4
1287.43	452
1285.5	450.4
1283.57	452.4
1281.65	452.2
1279.72	446.6
1277.79	449.4
1275.86	445.2
1273.92	444.8
1271.99	440.4
1270.06	453
1268.13	454.2
1266.19	455.4
1264.26	454.4
1262.32	450.8
1260.38	447
1258.45	437.8
1256.51	445.2
1254.57	451
1252.63	459.4
1250.69	469.4
1248.75	463.6
1246.81	482.4
1244.87	479.8
1242.92	488
1240.98	481.4
1239.03	498.2
1237.09	507
1235.14	526.2
1233.2	532.6
1231.25	522.2
1229.3	520.6
1227.35	519.8
1225.4	506.2
1223.45	506.6
1221.5	466.6
1219.55	476.6
1217.59	478.4
1215.64	453.4
1213.69	459.2
1211.73	445.2
1209.77	442.8
1207.82	436.2
1205.86	423.8
1203.9	432.6
1201.94	414
1199.98	422.8
1198.02	418.6
1196.06	415.6
1194.1	418.6
1192.14	416.4
1190.17	421.2
1188.21	425.2
1186.25	422.8
1184.28	435.2
1182.31	431.2
1180.35	435.6
1178.38	444.4
1176.41	436
1174.44	434.6
1172.47	440.4
1170.5	453.8
1168.53	432
1166.55	427
1164.58	434.6
1162.61	441
1160.63	440.2
1158.66	436.2
1156.68	424.6
1154.7	409.2
1152.73	416.8
1150.75	419.4
1148.77	425.4
1146.79	433.2
1144.81	427.8
1142.83	442
1140.84	446.4
1138.86	449.2
1136.88	457.6
1134.89	460.4
1132.91	454
1130.92	458.2
1128.93	471.6
1126.95	460.2
1124.96	457
1122.97	455.4
1120.98	456
1118.99	443.8
1117	455.6
1115	439.2
1113.01	450.4
1111.02	448.6
1109.02	443.4
1107.03	443.6
1105.03	440.2
1103.03	444.4
1101.04	449.2
1099.04	455.4
1097.04	448.8
1095.04	446.6
1093.04	449.6
1091.04	457.2
1089.04	452.8
1087.03	455
1085.03	461.6
1083.02	439.8
1081.02	454.8
1079.01	445.4
1077	450.2
1075	440.4
1072.99	435.8
1070.98	436.8
1068.97	439.8
1066.96	436.2
1064.95	444.2
1062.94	446
1060.92	446
1058.91	444.6
1056.89	430.8
1054.88	444.8
1052.86	437.6
1050.84	437
1048.83	451.8
1046.81	437.6
1044.79	451.8
1042.77	459.4
1040.75	457.6
1038.73	458.6
1036.7	454.2
1034.68	461.4
1032.66	460.4
1030.63	463.2
1028.61	460.4
1026.58	463.8
1024.55	465.8
1022.52	466
1020.5	476.2
1018.47	483
1016.44	502.2
1014.41	515.2
1012.37	538.8
1010.34	543.6
1008.31	563.4
1006.27	562.6
1004.24	550.6
1002.2	540.4
1000.17	531.2
998.129	523.2
996.091	510
994.052	520.4
992.012	504.8
989.972	523.8
987.931	511
985.889	508.2
983.845	505
981.802	503
979.757	512.2
977.712	505.6
975.666	531.2
973.619	519.2
971.572	526.2
969.524	522.2
967.475	535.4
965.424	532.2
963.373	547.4
961.322	524.6
959.269	537
957.217	538.2
955.162	533.4
953.107	542.6
951.052	558
948.996	529.6
946.939	540.4
944.881	549.8
942.821	552.2
940.762	542.6
938.702	531.6
936.641	531.2
934.579	542.4
932.516	529.8
930.452	529.8
928.388	527.4
926.324	505.8
924.257	506.2
922.19	517.8
920.123	502
918.055	498
915.985	501.2
913.915	503.2
911.844	515.6
909.773	516
907.701	517.6
905.628	519.8
903.554	511
901.479	501.4
899.403	516.6
897.327	504.6
895.249	505.8
893.172	503
891.092	504.2
889.013	497.8
886.933	499
884.851	513.4
882.769	493
880.686	497.6
878.603	500
876.518	488.8
874.433	498.6
872.347	507.4
870.26	511.8
868.173	510.8
866.084	512
863.994	508.4
861.905	516
859.814	524.6
857.722	517.4
855.629	506.6
853.536	514
851.441	511.2
849.346	512
847.251	506.4
845.154	514.8
843.056	508.4
840.958	502.4
838.859	508
836.759	525.6
834.658	511
832.556	516.2
830.454	497.8
828.351	497.4
826.246	499.8
824.142	498.2
822.036	477.4
819.93	491.4
817.822	478.6
815.715	471.6
813.605	469.4
811.496	466.2
809.385	483.4
807.274	476.6
805.161	473.8
803.048	487.8
800.934	476.8
798.819	483.2
796.704	480
794.587	472.8
792.47	466.8
790.352	468.4
788.233	463.4
786.114	467.8
783.993	461
781.872	472.4
779.749	466
777.627	479.6
775.503	478
773.378	496.4
771.252	498.8
769.126	513
766.999	526
764.871	550.8
762.742	558.2
760.612	582.4
758.482	585.2
756.351	578.4
754.219	571.8
752.085	551
749.952	537
747.817	531.6
745.682	522.4
743.545	506.4
741.408	504.2
739.27	509.8
737.131	512.6
734.991	501
732.851	496.2
730.71	498.2
728.568	497.2
726.424	498.4
724.281	498.4
722.136	496.2
719.991	496
717.844	488.8
715.697	507.6
713.549	500.4
711.4	501.6
709.25	486.2
707.1	494.2
704.948	479
702.796	474.6
700.643	506.6
698.489	486.6
696.334	496.2
694.179	491.4
692.022	489.4
689.865	489.8
687.706	506.4
685.547	490.4
683.388	512
681.227	496.6
679.066	501.4
676.903	504.6
674.74	502.2
672.576	498.4
670.411	477.6
668.245	478.2
666.078	480.4
663.911	490
661.742	465.4
659.573	472.2
657.403	480.2
655.232	479.6
653.061	494.8
650.888	493.2
648.714	482.4
646.54	486
644.365	489.2
642.189	482.4
640.012	485.8
637.834	490.6
635.655	487.8
633.476	491.8
631.295	496.6
629.114	501.4
626.932	499.2
624.75	496.6
622.566	488.6
620.381	493.6
618.196	482
616.009	489.6
613.823	483.2
611.635	486.2
609.445	477
607.256	479.8
605.065	473.8
602.873	481.4
600.681	488
598.488	474.8
596.294	494.4
594.099	488
591.903	488.2
589.706	487.8
587.509	503.4
585.311	496.8
583.111	515.6
580.911	522
578.71	514.2
576.508	525.2
574.305	512.8
572.102	520.4
569.898	517
567.692	522.6
565.486	511.2
563.279	517
561.071	509
558.862	518.6
556.652	511.6
554.442	516
552.23	515.8
550.019	514.6
547.805	514.2
545.591	500.8
543.376	508.6
541.16	519
538.944	514.2
536.726	521.8
534.508	523.4
532.288	530.6
530.068	538.2
527.847	538.4
525.625	534
523.403	509
521.179	533
518.954	534.2
516.729	532.8
514.503	516
512.275	528
510.047	523
507.818	516.6
505.588	518.6
503.358	515.2
501.126	517
498.893	518.6
496.66	504.2
494.426	521.6
492.191	510.8
489.955	509
487.718	512
485.48	506
483.242	508.4
481.002	503.6
478.761	507
476.52	513
474.278	510
472.035	498.2
469.791	508.6
467.545	509
465.3	508.6
463.054	507.4
460.806	507.4
458.558	514.2
456.308	506.6
454.058	527.8
451.807	516
449.555	520.4
447.302	533
445.048	532.6
442.794	537
440.538	540.4
438.282	548.8
436.024	552.4
433.766	560.6
431.506	572.8
429.246	580.2
426.985	580.6
424.724	588
422.461	595.2
420.197	593.6
417.933	597.4
415.667	592.4
413.401	582
411.134	582
408.866	575.2
406.597	569.6
404.326	559.6
402.056	563.8
399.784	572.6
397.512	559.2
395.238	568.6
392.964	570.2
390.689	572.6
388.412	572.6
386.135	568.2
383.857	570.2
381.578	570.4
379.298	582.2
377.017	582.8
374.736	574.8
372.453	569
370.169	572.2
367.885	574.6
365.599	578.8
363.313	584.8
361.026	607.8
358.738	607.2
356.449	608.4
354.16	623.6
351.869	625.8
349.577	623
347.285	623.2
344.991	638
342.697	620
340.401	629
338.105	619.2
335.808	618
333.509	610
331.211	605.8
328.91	616
326.61	624.6
324.308	632.8
322.006	632.4
319.702	637
317.397	631.8
315.092	656.2
312.786	665.4
310.479	662.8
308.17	669.6
305.862	679.2
303.551	687
301.24	678.6
298.928	689
296.616	700.4
294.302	695.8
291.987	709.4
289.672	721
287.356	700
285.039	713.6
282.72	740.2
280.401	741.4
278.08	748
275.76	754.2
273.437	762.2
271.114	778.4
268.791	786
266.466	799.8
264.14	789
261.813	801.6
259.486	805.8
257.157	814.6
254.828	828.6
252.498	829
250.166	845
247.834	859
245.501	881.4
243.166	882.8
240.832	914.8
238.495	922.2
236.158	948.2
233.821	937.8
231.482	972.4
229.142	976.6
226.801	1000
224.46	992
222.117	1014.4
219.774	1034
217.43	1019.8
215.085	1060.4
212.738	1081
210.391	1093.2
208.043	1098
205.693	1127.2
203.344	1165.4
200.992	1181.6
198.64	1168.8
196.288	1199.2
193.934	1277.6
191.579	1290.2
189.223	1285.4
186.867	1313.6
184.509	1369
182.151	1422.2
179.791	1412.2
177.431	1436.8
175.069	1491.4
172.707	1559.6
170.344	1614.2
167.98	1587.6
165.615	1632.6
163.248	1715.6
160.881	1813.8
158.514	1824.2
156.145	1782.8
153.775	1844.2
151.404	1937
149.032	2022
146.659	2038.8
144.285	1979.4
141.911	2046.8
139.535	2137.4
137.158	2269
134.781	2330.8
132.403	2352.8
130.023	2378
127.643	2455.4
125.261	2591
122.879	2707.6
120.496	2819.8
118.111	2921.8
115.726	3007.4
113.34	3092.6
110.954	3197.8
108.565	3378.2
106.177	3548.8
103.786	3762
101.395	3931.6
99.0032	4087.6
96.6106	4224.8
94.2161	4448.2
91.8217	4625.6
89.4264	4907.2
87.0292	5262.2
84.632	5600.4
82.233	5908.4
79.8331	6200.2
77.4322	6512.2
75.0315	6969.4
72.6288	7611
70.2252	8748.8
67.8208	10393.2
65.4154	13262
63.0091	18283.8
60.6018	23943.2
58.1927	27778.8
55.7837	29314
53.3737	29014.2
50.9618	27561.8
48.5501	24896.2
46.1373	21596.4
43.7227	19828
41.3072	19935.4
38.8917	21534.4
36.4744	23993.6
34.0561	27151.6
31.6369	31274.8
29.2177	36108.8
26.7967	41752
24.3747	48411.8
21.9518	57091
19.527	64524
17.1022	64524
14.6766	64524
12.25	64524
9.82148	64524
7.39304	64524
4.96367	64524
2.53238	64524
0.101156	64524
-2.33199	64524
-4.76606	64524
-7.20007	64524
-9.636	64524
-12.0729	61040
-14.5107	45447.2
-16.9494	36692.8
-19.389	30828.2
-21.8296	26229.2
-24.2712	22532
-26.7136	19463.2
-29.157	16930.2
-31.6023	14718.6
-34.0476	12798.4
-36.4938	11200.8
-38.9419	9777.2
-41.39	8553.4
-43.84	7514.4
-46.29	6625.8
-48.7418	5828.2
-51.1947	5116.4
-53.6474	4490.2
-56.1021	3960.6
-58.5578	3482
-61.0144	3048
-63.4719	2650.8
-65.9304	2302.6
-68.3898	2023.4
-70.8502	1788.2
-73.3115	1586.2
-75.7738	1410.4
-78.238	1274.8
-80.7021	1144.6
-83.1672	1003
-85.6343	908.6
-88.1012	812.4
-90.5702	727
-93.0391	652.2
-95.5099	585.4
-97.9817	526
-100.453	473.4
-102.927	438
-105.402	416
-107.877	368.4
-110.354	342.4
-112.832	325.6
-115.31	296.6
-117.789	279.8
-120.27	259
-122.751	249
-125.234	228.6
-127.718	220.8
-130.202	215
-132.688	203.8
-135.174	188.8
-137.662	179.8
-140.15	173
-142.64	177.8
-145.13	154.4
-147.622	160.8
-150.115	155.8
-152.609	155.4
-155.103	150.8
-157.599	149
-160.096	139.2
-162.593	135
-165.092	133.6
-167.592	134
-170.092	140.2
-172.595	135
-175.098	123.4
-177.601	128.8
-180.107	126
-182.612	121
-185.119	124
-187.627	116
-190.135	119.2
-192.646	116
-195.157	118.8
-197.669	111.8
-200.182	113
-202.696	117.8
-205.21	108
-207.727	115
-210.244	112.4
-212.762	107.6
-215.281	104.2
-217.802	108.6
-220.323	105.8
-222.845	102
-225.369	102.8
-227.893	102.6
-230.418	99.8
-232.944	97.8
-235.472	99.8
-238	91.2
-240.53	103.6
-243.06	100.8
-245.592	94.2
-248.124	92.8
-250.658	94
-253.193	101
-255.728	92.2
-258.265	84.6
-260.803	93
-263.342	90.8
-265.882	89.4
-268.423	83.2
-270.965	88.4
-273.508	81.4
-276.052	92.6
-278.597	81.8
-281.143	85.4
-283.69	82
-286.238	82.2
-288.787	76.6
-291.338	85.2
-293.889	85.4
-296.441	79.4
-298.995	81.8
-301.55	76.6
-304.105	81.2
-306.662	82.4
-309.218	80
-311.777	72.6
-314.337	82.2
-316.898	80.4
-319.46	79.8
-322.023	74.4
-324.586	81.8
-327.151	76
-329.717	73.2
-332.285	78.6
-334.853	72.2
-337.422	77.2
-339.992	77.4
-342.563	77.6
-345.136	73.2
-347.709	70.4
-350.283	71.6
-352.859	70.8
-355.435	70.6
-358.013	70
-360.591	74.6
-363.171	79.4
-365.752	75.4
-368.334	69.8
-370.917	73
-373.5	81.6
-376.085	67.6
-378.672	72.2
-381.259	65.8
-383.847	68.6
-386.436	72
-389.027	69.2
-391.618	69.8
-394.211	72.8
-396.804	69.2
-399.398	67.8
-401.994	68.8
-404.591	66.6
-407.189	65.2
-409.787	65.2
-412.388	69.8
-414.989	67.6
-417.59	68.6
-420.194	68.4
-422.798	60.2
-425.403	66.4
-428.01	61.6
-430.617	65.8
-433.226	52.6
-435.836	58
-438.445	68.2
-441.057	63.4
-443.67	66.6
-446.284	62.2
-448.899	60
-451.516	62.4
-454.133	60.4
-456.751	62.8
-459.37	59.2
-461.99	65
-464.612	65.4
-467.234	59.6
-469.857	62.4
-472.483	58
-475.108	63.8
-477.735	64.6
-480.363	60.2
-482.992	61
-485.622	62.8
-488.253	60
-490.885	64.2
-493.519	67.6
-496.154	58.4
-498.789	65.6
-501.426	61.4
-504.064	60.8
-506.702	60.6
-509.342	61.8
-511.983	61.8
-514.625	58.4
-517.269	56.8
-519.913	58.6
-522.558	63.8
-525.205	58.8
-527.852	63.4
-530.501	61.4
-533.151	63.8
-535.801	55.8
-538.453	58.6
-541.106	59.6
-543.761	61
-546.416	60.6
-549.072	60
-551.73	60.4
-554.388	56.8
-557.047	66.2
-559.708	63
-562.37	54.8
-565.033	67.8
-567.697	60
-570.362	54.6
-573.029	59.8
-575.695	61
-578.364	54.4
-581.034	60.6
-583.705	57.2
-586.376	56.8
-589.049	54
-591.723	52.6
-594.398	61.2
-597.075	63.2
-599.752	58.6
-602.43	62.8
-605.11	56.4
-607.791	61.6
-610.472	59.8
-613.155	61.4
-615.84	61.4
-618.525	61
-621.211	62.4
-623.898	60
-626.587	64.2
-629.276	52.2
-631.966	61.6
-634.659	62.6
-637.351	62.6
-640.046	57.6
-642.741	57.4
-645.438	60.8
-648.134	62.6
-650.833	60.6
-653.533	70.8
-656.233	59.2
-658.936	60.8
-661.639	66.4
-664.342	58.8
-667.048	61.4
-669.755	63.4
-672.462	67
-675.171	61.8
-677.881	63.6
-680.592	65.4
-683.304	63.8
-686.017	60.4
-688.731	64.2
-691.447	62.8
-694.163	55.2
-696.881	60.8
-699.6	61.6
-702.319	62.8
-705.041	61
-707.763	57.8
-710.486	56
-713.21	66.8
-715.937	62.2
-718.663	63.8
-721.392	62.8
-724.12	57.2
-726.85	57.8
-729.582	65.8
-732.314	55.8
-735.048	61.6
-737.783	59.8
-740.519	58.8
-743.256	56.8
-745.995	68.4
-748.733	60.4
-751.474	59
-754.216	64.8
-756.958	61
-759.702	62.4
-762.447	58.8
-765.193	61
-767.941	63.4
-770.69	62.4
-773.439	56.6
-776.19	56.8
-778.942	62.2
-781.695	63.2
-784.449	65
-787.205	58
-789.961	58.6
-792.719	65.4
-795.477	61.4
-798.238	54.4
-800.999	70.2
-803.761	59.2
-806.525	63
-809.29	68
-812.055	69
-814.822	64
-817.591	61.4
-820.36	60.2
-823.131	62.4
-825.902	62.4
-828.675	65
-831.449	57.6
-834.224	65.6
-837	57.4
-839.778	58.6
-842.556	61.4
-845.336	69.4
-848.117	66.2
-850.898	60.2
-853.682	65.6
-856.467	65.4
-859.253	60.6
-862.04	60
-864.827	56.2
-867.616	58.6
-870.406	62.6
-873.198	63
-875.991	60.6
-878.784	61.4
-881.579	59.2
-884.376	60
-887.173	59.8
-889.971	58
-892.771	64.4
-895.572	50
-898.374	66.4
-901.177	59.4
-903.982	60.2
-906.787	52.8
-909.594	56
-912.402	61.6
-915.21	55
-918.022	59.6
-920.833	63.6
-923.645	54.8
-926.46	62
-929.274	55.6
-932.091	59
-934.908	54.8
-937.726	55.6
-940.546	59.2
-943.367	51.8
-946.19	57.4
-949.012	52.4
-951.837	55.2
-954.664	58.4
-957.49	55.8
-960.318	60
-963.147	52.2
-965.978	63
-968.81	50.8
-971.643	53.4
-974.476	53.4
-977.312	55
-980.149	50.4
-982.987	60.4
-985.824	55.4
-988.665	64
-991.506	53.6
-994.349	61.8
-997.193	56.8
-1000.04	50.8
-1002.88	61.8
-1005.73	55
-1008.58	53
-1011.43	58.8
-1014.28	63.8
-1017.13	58.2
-1019.99	57.8
-1022.84	61.2
-1025.7	63
-1028.55	56.8
-1031.41	55.2
-1034.27	56.4
-1037.13	68.4
-1039.99	60.2
-1042.85	59.4
-1045.72	60.2
-1048.58	59.6
-1051.45	55.2
-1054.32	64
-1057.19	60.4
-1060.06	61.6
-1062.93	66.4
-1065.8	69.2
-1068.68	66.2
-1071.55	64.2
-1074.43	63
-1077.3	60.8
-1080.18	62
-1083.06	63
-1085.95	63.8
-1088.83	68.4
-1091.71	63.8
-1094.6	66
-1097.48	68.2
-1100.37	62
-1103.26	63.8
-1106.15	67
-1109.04	65.8
-1111.93	75
-1114.82	70.2
-1117.72	75
-1120.61	69.2
-1123.51	60
-1126.41	63.6
-1129.31	62
-1132.21	63.4
-1135.11	63
-1138.02	71.8
-1140.92	73.4
-1143.83	79.8
-1146.73	69.2
-1149.64	77.4
-1152.55	82
-1155.46	78
-1158.37	70.2
-1161.29	71.4
-1164.2	78.6
-1167.12	77
-1170.03	82.8
-1172.95	80.6
-1175.87	85.6
-1178.79	86.8
-1181.71	90.8
-1184.64	95.8
-1187.56	101.8
-1190.49	103.8
-1193.42	96
-1196.34	116.6
-1199.27	128.6
-1202.2	135.4
-1205.13	147.6
-1208.07	169.6
-1211	185.4
-1213.94	212.4
-1216.87	234.6
-1219.81	254
-1222.75	277.6
-1225.69	300.2
-1228.63	330.6
-1231.58	368
-1234.52	415.8
-1237.47	466.8
-1240.42	518.2
-1243.36	572
-1246.31	610.2
-1249.26	659
-1252.22	726.6
-1255.17	751.8
-1258.12	755.8
-1261.08	782
-1264.04	883.6
-1266.99	1046.6
-1269.95	1301
-1272.91	1311.4
-1275.88	1046
-1278.84	770.8
-1281.8	465
-1284.77	330.6
-1287.74	184.8
-1290.71	125.2
-1293.68	113.8
-1296.65	106.4
-1299.62	107.2
-1302.59	103
-1305.57	89.8
-1308.54	91
-1311.52	94.2
-1314.5	84.8
-1317.48	81.4
-1320.46	85.2
-1323.44	90.4
-1326.43	85.4
-1329.41	86.2
-1332.4	90.8
-1335.38	86.2
-1338.37	77.8
-1341.36	74.2
-1344.36	73.8
-1347.35	71.2
-1350.34	67
-1353.34	70.8
-1356.33	65.4
-1359.33	65.2
-1362.33	69.6
-1365.33	63.2
-1368.33	69.2
-1371.34	62.2
-1374.34	61.4
-1377.35	57.2
-1380.35	55.8
-1383.36	52.8
-1386.37	53
-1389.38	51.6
-1392.39	53.2
