2745.96	573
2744.58	537
2743.19	528
2741.81	530
2740.42	550
2739.03	541
2737.64	561
2736.25	580
2734.86	575
2733.47	585
2732.08	603
2730.69	563
2729.3	602
2727.91	590
2726.51	553
2725.12	592
2723.73	606
2722.33	607
2720.94	607
2719.54	583
2718.15	578
2716.75	589
2715.35	606
2713.96	586
2712.56	584
2711.16	591
2709.76	579
2708.36	589
2706.96	603
2705.56	618
2704.16	590
2702.76	608
2701.36	627
2699.96	612
2698.56	619
2697.15	597
2695.75	626
2694.34	626
2692.94	636
2691.53	626
2690.13	655
2688.72	637
2687.31	645
2685.91	674
2684.5	649
2683.09	656
2681.68	637
2680.27	645
2678.86	653
2677.45	633
2676.04	640
2674.63	665
2673.22	683
2671.81	643
2670.39	657
2668.98	654
2667.57	675
2666.15	666
2664.74	682
2663.32	665
2661.91	677
2660.49	672
2659.07	689
2657.65	661
2656.24	703
2654.82	681
2653.4	708
2651.98	697
2650.56	703
2649.14	720
2647.72	673
2646.3	704
2644.87	689
2643.45	676
2642.03	726
2640.61	707
2639.18	712
2637.76	701
2636.33	712
2634.91	735
2633.48	740
2632.05	738
2630.62	739
2629.2	754
2627.77	760
2626.34	744
2624.91	763
2623.48	744
2622.05	749
2620.62	766
2619.19	758
2617.76	756
2616.32	752
2614.89	775
2613.46	777
2612.02	773
2610.59	762
2609.15	774
2607.72	780
2606.28	795
2604.85	795
2603.41	755
2601.97	789
2600.53	770
2599.09	796
2597.65	798
2596.22	790
2594.78	799
2593.33	785
2591.89	760
2590.45	797
2589.01	797
2587.57	802
2586.12	825
2584.68	818
2583.23	801
2581.79	825
2580.34	837
2578.9	845
2577.45	807
2576	849
2574.56	833
2573.11	881
2571.66	855
2570.21	830
2568.76	841
2567.31	863
2565.86	859
2564.41	880
2562.96	863
2561.51	875
2560.05	874
2558.6	870
2557.15	880
2555.69	886
2554.24	892
2552.78	855
2551.32	879
2549.87	896
2548.41	883
2546.95	932
2545.5	930
2544.04	908
2542.58	932
2541.12	910
2539.66	906
2538.2	907
2536.74	948
2535.27	924
2533.81	917
2532.35	901
2530.89	948
2529.42	932
2527.96	930
2526.49	941
2525.03	947
2523.56	960
2522.09	938
2520.63	955
2519.16	953
2517.69	928
2516.22	964
2514.75	935
2513.28	966
2511.81	967
2510.34	964
2508.87	964
2507.4	962
2505.93	987
2504.45	946
2502.98	978
2501.51	990
2500.03	1001
2498.56	992
2497.08	973
2495.6	967
2494.13	945
2492.65	991
2491.17	990
2489.69	995
2488.22	980
2486.74	1017
2485.26	966
2483.78	1027
2482.29	1018
2480.81	1022
2479.33	1007
2477.85	1015
2476.36	1006
2474.88	1041
2473.4	1027
2471.91	1046
2470.43	1088
2468.94	1053
2467.45	1055
2465.97	1038
2464.48	1047
2462.99	1070
2461.5	1029
2460.01	1074
2458.52	1037
2457.03	1106
2455.54	1103
2454.05	1099
2452.56	1097
2451.07	1067
2449.57	1119
2448.08	1084
2446.59	1100
2445.09	1089
2443.6	1140
2442.1	1070
2440.6	1100
2439.11	1108
2437.61	1085
2436.11	1150
2434.61	1125
2433.12	1150
2431.62	1142
2430.12	1105
2428.62	1139
2427.11	1141
2425.61	1147
2424.11	1139
2422.61	1153
2421.1	1142
2419.6	1143
2418.1	1148
2416.59	1172
2415.09	1185
2413.58	1187
2412.07	1174
2410.57	1196
2409.06	1190
2407.55	1209
2406.04	1208
2404.53	1199
2403.02	1194
2401.51	1205
2400	1179
2398.49	1196
2396.98	1196
2395.46	1237
2393.95	1207
2392.44	1194
2390.92	1204
2389.41	1240
2387.89	1221
2386.38	1228
2384.86	1257
2383.34	1250
2381.82	1238
2380.31	1227
2378.79	1222
2377.27	1257
2375.75	1245
2374.23	1259
2372.71	1252
2371.19	1289
2369.66	1275
2368.14	1265
2366.62	1256
2365.09	1274
2363.57	1257
2362.04	1298
2360.52	1327
2358.99	1270
2357.47	1317
2355.94	1295
2354.41	1303
2352.88	1316
2351.35	1277
2349.83	1323
2348.3	1298
2346.77	1318
2345.23	1304
2343.7	1315
2342.17	1322
2340.64	1369
2339.1	1329
2337.57	1368
2336.04	1348
2334.5	1353
2332.97	1385
2331.43	1373
2329.89	1344
2328.36	1366
2326.82	1405
2325.28	1391
2323.74	1407
2322.2	1400
2320.66	1389
2319.12	1405
2317.58	1406
2316.04	1396
2314.5	1390
2312.95	1403
2311.41	1407
2309.87	1421
2308.32	1440
2306.78	1437
2305.23	1426
2303.68	1418
2302.14	1413
2300.59	1436
2299.04	1461
2297.49	1445
2295.94	1433
2294.39	1455
2292.84	1428
2291.29	1487
2289.74	1493
2288.19	1457
2286.64	1458
2285.09	1446
2283.53	1462
2281.98	1481
2280.42	1483
2278.87	1481
2277.31	1495
2275.76	1467
2274.2	1487
2272.64	1486
2271.08	1523
2269.52	1482
2267.96	1504
2266.4	1534
2264.84	1471
2263.28	1508
2261.72	1513
2260.16	1514
2258.6	1497
2257.03	1546
2255.47	1550
2253.9	1533
2252.34	1577
2250.77	1535
2249.21	1551
2247.64	1591
2246.07	1557
2244.51	1543
2242.94	1554
2241.37	1500
2239.8	1590
2238.23	1589
2236.66	1580
2235.09	1593
2233.51	1614
2231.94	1589
2230.37	1585
2228.79	1592
2227.22	1579
2225.65	1605
2224.07	1621
2222.49	1603
2220.92	1664
2219.34	1628
2217.76	1623
2216.18	1625
2214.61	1662
2213.03	1646
2211.45	1686
2209.86	1676
2208.28	1665
2206.7	1653
2205.12	1681
2203.54	1647
2201.95	1724
2200.37	1663
2198.78	1695
2197.2	1645
2195.61	1704
2194.03	1642
2192.44	1698
2190.85	1684
2189.26	1733
2187.67	1692
2186.09	1717
2184.5	1717
2182.9	1700
2181.31	1693
2179.72	1746
2178.13	1733
2176.54	1759
2174.94	1762
2173.35	1787
2171.75	1775
2170.16	1821
2168.56	1770
2166.97	1789
2165.37	1746
2163.77	1752
2162.17	1781
2160.58	1775
2158.98	1789
2157.38	1851
2155.78	1776
2154.17	1779
2152.57	1802
2150.97	1849
2149.37	1812
2147.76	1828
2146.16	1844
2144.56	1823
2142.95	1869
2141.34	1830
2139.74	1816
2138.13	1842
2136.52	1840
2134.91	1859
2133.31	1817
2131.7	1870
2130.09	1863
2128.48	1838
2126.86	1876
2125.25	1865
2123.64	1849
2122.03	1894
2120.41	1903
2118.8	1922
2117.18	1925
2115.57	1861
2113.95	1899
2112.34	1890
2110.72	1897
2109.1	1919
2107.48	1957
2105.86	1886
2104.25	1939
2102.63	1923
2101	1918
2099.38	1939
2097.76	1979
2096.14	1902
2094.52	1972
2092.89	1975
2091.27	1946
2089.64	2026
2088.02	1999
2086.39	2022
2084.76	2014
2083.14	2031
2081.51	2039
2079.88	1994
2078.25	2037
2076.62	2039
2074.99	2032
2073.36	2008
2071.73	2015
2070.1	2055
2068.46	2032
2066.83	2066
2065.2	2068
2063.56	2032
2061.93	2112
2060.29	2092
2058.65	2063
2057.02	2092
2055.38	2084
2053.74	2082
2052.1	2124
2050.46	2136
2048.82	2084
2047.18	2104
2045.54	2113
2043.9	2068
2042.26	2118
2040.61	2120
2038.97	2082
2037.33	2125
2035.68	2136
2034.04	2135
2032.39	2148
2030.74	2137
2029.1	2151
2027.45	2136
2025.8	2186
2024.15	2144
2022.5	2139
2020.85	2156
2019.2	2176
2017.55	2173
2015.89	2144
2014.24	2188
2012.59	2206
2010.93	2152
2009.28	2237
2007.62	2228
2005.97	2206
2004.31	2237
2002.65	2258
2001	2227
1999.34	2212
1997.68	2233
1996.02	2277
1994.36	2301
1992.7	2272
1991.04	2312
1989.38	2295
1987.71	2291
1986.05	2263
1984.39	2286
1982.72	2340
1981.06	2310
1979.39	2332
1977.72	2328
1976.06	2351
1974.39	2384
1972.72	2357
1971.05	2354
1969.38	2374
1967.71	2420
1966.04	2378
1964.37	2437
1962.7	2417
1961.03	2443
1959.35	2458
1957.68	2429
1956	2441
1954.33	2469
1952.65	2442
1950.98	2455
1949.3	2463
1947.62	2457
1945.94	2455
1944.27	2461
1942.59	2506
1940.91	2508
1939.23	2489
1937.54	2516
1935.86	2517
1934.18	2549
1932.5	2498
1930.81	2541
1929.13	2516
1927.44	2515
1925.76	2529
1924.07	2549
1922.39	2527
1920.7	2520
1919.01	2506
1917.32	2551
1915.63	2583
1913.94	2550
1912.25	2562
1910.56	2567
1908.87	2628
1907.17	2622
1905.48	2615
1903.79	2623
1902.09	2560
1900.4	2682
1898.7	2625
1897.01	2648
1895.31	2610
1893.61	2712
1891.91	2681
1890.21	2685
1888.51	2712
1886.81	2661
1885.11	2716
1883.41	2725
1881.71	2739
1880.01	2808
1878.3	2763
1876.6	2744
1874.9	2717
1873.19	2780
1871.48	2758
1869.78	2816
1868.07	2860
1866.36	2867
1864.65	2850
1862.95	2817
1861.24	2906
1859.53	2876
1857.81	2876
1856.1	2901
1854.39	2953
1852.68	2823
1850.96	2896
1849.25	2908
1847.54	2973
1845.82	3005
1844.1	2954
1842.39	2988
1840.67	2982
1838.95	3039
1837.23	3001
1835.51	3075
1833.79	3026
1832.07	3009
1830.35	3064
1828.63	3017
1826.91	3110
1825.18	3057
1823.46	3073
1821.74	3098
1820.01	3165
1818.29	3131
1816.56	3173
1814.83	3131
1813.1	3233
1811.38	3181
1809.65	3202
1807.92	3201
1806.19	3230
1804.46	3245
1802.73	3255
1800.99	3277
1799.26	3249
1797.53	3293
1795.79	3329
1794.06	3292
1792.32	3315
1790.59	3319
1788.85	3399
1787.11	3389
1785.37	3376
1783.64	3340
1781.9	3436
1780.16	3430
1778.42	3451
1776.67	3482
1774.93	3486
1773.19	3516
1771.45	3469
1769.7	3464
1767.96	3519
1766.21	3547
1764.47	3570
1762.72	3531
1760.97	3584
1759.23	3678
1757.48	3644
1755.73	3673
1753.98	3722
1752.23	3690
1750.48	3667
1748.73	3706
1746.97	3739
1745.22	3763
1743.47	3793
1741.71	3786
1739.96	3771
1738.2	3830
1736.44	3812
1734.69	3899
1732.93	3891
1731.17	3914
1729.41	3935
1727.65	3982
1725.89	3966
1724.13	3956
1722.37	4023
1720.61	3984
1718.85	4043
1717.08	4065
1715.32	4112
1713.55	4050
1711.79	4078
1710.02	4184
1708.25	4149
1706.49	4196
1704.72	4179
1702.95	4277
1701.18	4236
1699.41	4287
1697.64	4258
1695.87	4352
1694.09	4345
1692.32	4414
1690.55	4392
1688.77	4485
1687	4452
1685.22	4519
1683.45	4473
1681.67	4566
1679.89	4603
1678.11	4602
1676.34	4616
1674.56	4577
1672.78	4703
1671	4688
1669.21	4747
1667.43	4770
1665.65	4827
1663.86	4776
1662.08	4852
1660.3	4828
1658.51	4863
1656.72	4864
1654.94	4890
1653.15	4880
1651.36	4964
1649.57	4896
1647.78	4894
1645.99	4903
1644.2	4864
1642.41	4878
1640.62	4880
1638.82	4879
1637.03	4866
1635.24	4842
1633.44	4869
1631.65	4836
1629.85	4862
1628.05	4905
1626.25	4891
1624.46	4871
1622.66	4862
1620.86	4855
1619.06	4831
1617.26	4848
1615.45	4850
1613.65	4899
1611.85	4888
1610.04	4918
1608.24	4906
1606.43	4895
1604.63	4968
1602.82	4908
1601.02	4931
1599.21	4955
1597.4	4856
1595.59	4870
1593.78	4990
1591.97	4942
1590.16	4936
1588.35	4964
1586.53	5003
1584.72	4953
1582.91	4935
1581.09	5000
1579.28	4940
1577.46	4958
1575.64	4893
1573.82	4984
1572.01	4952
1570.19	4940
1568.37	4949
1566.55	4959
1564.73	5022
1562.91	4994
1561.08	4964
1559.26	4923
1557.44	5048
1555.61	5049
1553.79	5077
1551.96	5050
1550.14	5078
1548.31	5030
1546.48	4969
1544.65	4933
1542.82	5043
1540.99	4987
1539.16	5049
1537.33	5001
1535.5	5009
1533.67	4964
1531.83	4914
1530	4937
1528.16	4893
1526.33	4887
1524.49	4946
1522.66	4987
1520.82	4907
1518.98	4957
1517.14	4926
1515.3	4949
1513.46	4942
1511.62	4950
1509.78	4895
1507.94	4943
1506.09	4935
1504.25	4975
1502.41	4933
1500.56	4978
1498.71	4956
1496.87	4938
1495.02	5010
1493.17	4953
1491.32	4983
1489.47	5028
1487.63	5013
1485.77	5017
1483.92	5023
1482.07	5046
1480.22	5108
1478.36	5127
1476.51	5077
1474.66	5218
1472.8	5191
1470.94	5284
1469.09	5258
1467.23	5373
1465.37	5429
1463.51	5408
1461.65	5462
1459.79	5441
1457.93	5519
1456.07	5495
1454.2	5500
1452.34	5453
1450.48	5469
1448.61	5506
1446.75	5516
1444.88	5422
1443.01	5431
1441.14	5431
1439.28	5445
1437.41	5400
1435.54	5439
1433.67	5302
1431.8	5344
1429.92	5349
1428.05	5312
1426.18	5322
1424.3	5269
1422.43	5274
1420.55	5271
1418.68	5320
1416.8	5215
1414.92	5133
1413.04	5205
1411.17	5174
1409.29	5178
1407.41	5210
1405.52	5145
1403.64	5103
1401.76	5125
1399.88	5143
1397.99	5211
1396.11	5127
1394.22	5060
1392.34	5103
1390.45	5060
1388.56	5030
1386.67	5014
1384.78	5086
1382.89	5000
1381	5070
1379.11	5021
1377.22	4997
1375.33	5013
1373.43	5074
1371.54	5105
1369.65	5149
1367.75	5139
1365.85	5139
1363.96	5103
1362.06	5145
1360.16	5183
1358.26	5146
1356.36	5264
1354.46	5306
1352.56	5239
1350.66	5220
1348.75	5303
1346.85	5186
1344.95	5277
1343.04	5306
1341.14	5274
1339.23	5320
1337.32	5331
1335.42	5289
1333.51	5363
1331.6	5359
1329.69	5396
1327.78	5456
1325.86	5417
1323.95	5450
1322.04	5474
1320.13	5494
1318.21	5424
1316.3	5465
1314.38	5509
1312.46	5565
1310.55	5497
1308.63	5600
1306.71	5569
1304.79	5617
1302.87	5701
1300.95	5717
1299.03	5664
1297.1	5745
1295.18	5717
1293.26	5775
1291.33	5795
1289.41	5792
1287.48	5825
1285.55	5763
1283.63	5738
1281.7	5830
1279.77	5902
1277.84	5883
1275.91	5862
1273.98	5895
1272.05	5895
1270.11	5917
1268.18	5880
1266.24	5921
1264.31	5876
1262.37	5956
1260.44	5917
1258.5	5916
1256.56	5909
1254.62	5884
1252.68	5980
1250.74	5851
1248.8	5850
1246.86	5821
1244.92	5770
1242.98	5708
1241.03	5738
1239.09	5751
1237.14	5681
1235.2	5657
1233.25	5580
1231.3	5473
1229.35	5464
1227.4	5463
1225.45	5443
1223.5	5422
1221.55	5237
1219.6	5184
1217.65	5196
1215.69	5124
1213.74	5089
1211.78	5077
1209.83	5084
1207.87	4934
1205.91	4950
1203.96	4933
1202	4873
1200.04	4758
1198.08	4799
1196.12	4773
1194.15	4749
1192.19	4747
1190.23	4723
1188.26	4656
1186.3	4677
1184.33	4687
1182.37	4694
1180.4	4702
1178.43	4666
1176.46	4635
1174.49	4638
1172.52	4609
1170.55	4605
1168.58	4597
1166.61	4616
1164.64	4595
1162.66	4571
1160.69	4565
1158.71	4559
1156.73	4580
1154.76	4542
1152.78	4568
1150.8	4575
1148.82	4520
1146.84	4602
1144.86	4597
1142.88	4630
1140.9	4640
1138.91	4658
1136.93	4587
1134.95	4569
1132.96	4645
1130.97	4604
1128.99	4663
1127	4590
1125.01	4671
1123.02	4601
1121.03	4642
1119.04	4650
1117.05	4653
1115.06	4680
1113.07	4707
1111.07	4659
1109.08	4663
1107.08	4703
1105.09	4666
1103.09	4706
1101.09	4798
1099.09	4718
1097.09	4718
1095.09	4727
1093.09	4709
1091.09	4733
1089.09	4719
1087.09	4719
1085.08	4718
1083.08	4715
1081.07	4699
1079.07	4682
1077.06	4676
1075.05	4613
1073.04	4688
1071.03	4694
1069.02	4665
1067.01	4714
1065	4663
1062.99	4656
1060.98	4657
1058.96	4705
1056.95	4617
1054.93	4684
1052.92	4724
1050.9	4701
1048.88	4663
1046.86	4703
1044.84	4652
1042.82	4574
1040.8	4659
1038.78	4676
1036.76	4588
1034.74	4552
1032.71	4607
1030.69	4586
1028.66	4546
1026.64	4550
1024.61	4460
1022.58	4490
1020.55	4529
1018.52	4485
1016.49	4463
1014.46	4474
1012.43	4469
1010.4	4501
1008.36	4501
1006.33	4536
1004.29	4483
1002.26	4487
1000.22	4481
998.184	4453
996.146	4524
994.108	4500
992.068	4490
990.028	4467
987.986	4515
985.944	4558
983.901	4466
981.858	4581
979.813	4554
977.768	4548
975.722	4583
973.675	4629
971.627	4609
969.579	4643
967.53	4628
965.48	4630
963.429	4727
961.377	4709
959.325	4714
957.273	4734
955.218	4713
953.163	4802
951.108	4759
949.051	4753
946.994	4799
944.936	4775
942.878	4779
940.818	4796
938.758	4721
936.697	4746
934.634	4752
932.572	4786
930.509	4706
928.444	4767
926.379	4829
924.313	4780
922.246	4789
920.179	4683
918.111	4768
916.041	4789
913.972	4764
911.901	4781
909.829	4808
907.757	4744
905.684	4785
903.61	4744
901.535	4701
899.46	4752
897.383	4718
895.306	4707
893.228	4766
891.149	4777
889.069	4752
886.989	4783
884.908	4860
882.826	4719
880.743	4827
878.659	4862
876.575	4790
874.49	4770
872.403	4880
870.317	4952
868.229	4915
866.141	4981
864.051	4925
861.961	4948
859.87	4972
857.779	4940
855.685	5001
853.592	4893
851.498	4958
849.403	4938
847.307	4946
845.211	4935
843.113	4875
841.015	4877
838.916	4901
836.816	4943
834.715	4940
832.613	4902
830.511	4941
828.408	4973
826.304	4982
824.199	4902
822.093	4877
819.987	4853
817.879	4797
815.771	4827
813.663	4785
811.553	4773
809.442	4845
807.331	4737
805.218	4758
803.105	4775
800.992	4787
798.877	4753
796.761	4729
794.645	4711
792.527	4674
790.41	4784
788.291	4749
786.171	4763
784.051	4802
781.929	4745
779.807	4776
777.684	4775
775.56	4812
773.436	4787
771.31	4827
769.184	4814
767.057	4840
764.929	4828
762.8	4982
760.67	4956
758.54	4907
756.409	4914
754.277	5018
752.143	4963
750.01	4990
747.875	4940
745.74	5007
743.603	5105
741.466	5026
739.328	4977
737.189	5094
735.049	5040
732.909	5119
730.768	5049
728.626	5053
726.483	5091
724.339	4996
722.194	4994
720.049	5035
717.903	5019
715.755	5092
713.607	5072
711.458	4939
709.308	5016
707.158	4970
705.007	5012
702.855	4948
700.701	4958
698.548	4904
696.393	4931
694.237	4858
692.081	4898
689.923	4899
687.765	4906
685.606	4890
683.446	4895
681.286	4865
679.124	4836
676.962	4865
674.798	4871
672.635	4892
670.469	4899
668.304	4854
666.137	4907
663.969	4840
661.801	4904
659.632	4882
657.462	4951
655.291	4972
653.119	4940
650.947	5000
648.773	4927
646.599	5012
644.424	5062
642.248	4976
640.071	5024
637.893	5036
635.714	5088
633.535	5091
631.354	5034
629.173	5126
626.992	5138
624.809	5108
622.625	5126
620.44	5165
618.255	5123
616.069	5107
613.882	5142
611.694	5097
609.505	5127
607.315	5152
605.124	5122
602.933	5083
600.741	5091
598.548	5096
596.354	5090
594.158	5115
591.963	5116
589.766	5114
587.569	5052
585.37	5135
583.171	5182
580.971	5114
578.769	5093
576.569	5102
574.365	5160
572.161	5159
569.957	5151
567.752	5157
565.545	5147
563.339	5106
561.13	5140
558.922	5246
556.712	5247
554.502	5216
552.291	5187
550.078	5242
547.865	5177
545.651	5248
543.436	5200
541.22	5196
539.004	5263
536.787	5355
534.568	5264
532.349	5382
530.128	5342
527.907	5344
525.686	5434
523.463	5398
521.239	5377
519.015	5389
516.789	5452
514.563	5421
512.335	5437
510.107	5489
507.879	5465
505.648	5420
503.418	5469
501.186	5453
498.954	5449
496.721	5447
494.486	5406
492.251	5393
490.015	5379
487.778	5367
485.541	5324
483.302	5389
481.063	5365
478.822	5352
476.581	5372
474.338	5468
472.096	5429
469.851	5415
467.607	5430
465.361	5424
463.114	5444
460.867	5429
458.618	5488
456.369	5473
454.119	5524
451.868	5540
449.616	5557
447.363	5498
445.11	5503
442.854	5564
440.599	5620
438.343	5577
436.085	5609
433.827	5650
431.568	5574
429.308	5692
427.047	5677
424.786	5833
422.522	5813
420.259	5775
417.994	5790
415.729	5785
413.463	5827
411.196	5831
408.927	5764
406.658	5765
404.389	5881
402.118	5912
399.846	5848
397.573	5790
395.3	5831
393.025	5873
390.75	5882
388.474	5914
386.196	5821
383.919	5942
381.64	5843
379.36	5917
377.08	5919
374.798	5939
372.515	5981
370.231	6010
367.947	5923
365.662	5984
363.376	6024
361.089	5933
358.801	6049
356.511	6050
354.222	6118
351.931	6068
349.639	6085
347.347	6083
345.053	6183
342.759	6145
340.463	6168
338.167	6225
335.871	6160
333.572	6260
331.273	6277
328.974	6244
326.673	6285
324.371	6320
322.068	6372
319.765	6389
317.46	6348
315.154	6465
312.849	6466
310.541	6426
308.233	6633
305.924	6610
303.614	6623
301.303	6701
298.992	6711
296.679	6733
294.365	6699
292.051	6844
289.734	6951
287.418	6914
285.101	6957
282.783	7032
280.463	7116
278.144	7260
275.822	7233
273.5	7241
271.178	7364
268.853	7480
266.529	7524
264.203	7589
261.876	7803
259.548	7806
257.22	7840
254.891	7976
252.561	8033
250.229	8116
247.897	8289
245.564	8362
243.23	8398
240.895	8447
238.559	8614
236.222	8737
233.884	8865
231.545	8995
229.206	9050
226.865	9161
224.524	9393
222.181	9549
219.838	9696
217.493	9785
215.148	10037
212.802	10025
210.455	10247
208.106	10466
205.758	10561
203.407	10871
201.056	11087
198.705	11300
196.351	11573
193.997	11495
191.643	11710
189.288	12086
186.931	12264
184.574	12195
182.214	12354
179.855	12685
177.495	12847
175.134	12876
172.771	13058
170.408	13179
168.044	13529
165.679	13676
163.312	13888
160.946	14081
158.578	14158
156.208	14587
153.838	14800
151.468	14804
149.097	15089
146.724	15393
144.349	15458
141.975	15604
139.599	15806
137.223	16263
134.846	16535
132.467	16769
130.088	16884
127.707	17129
125.326	17380
122.944	17934
120.56	18535
118.177	19004
115.791	19593
113.405	20162
111.018	20579
108.63	20984
106.241	21370
103.851	22155
101.46	23041
99.0686	23978
96.675	24974
94.2815	26005
91.8872	27610
89.4909	29161
87.0947	30843
84.6966	32545
82.2976	34395
79.8987	36579
77.4979	39203
75.0962	42262
72.6935	46161
70.29	51258
67.8855	57890
65.4801	64524
63.0739	64524
60.6667	64524
58.2586	64524
55.8495	64524
53.4386	64524
51.0278	64524
48.616	64524
46.2023	64524
43.7887	64524
41.3732	64524
38.9568	64524
36.5404	64524
34.1222	64524
31.703	64524
29.2829	64524
26.8618	64524
24.4399	64524
22.017	64524
19.5932	64524
17.1685	64524
14.7429	64524
12.3153	64524
9.88782	64524
7.4594	64524
5.02907	64524
2.5988	64524
0.166609	64524
-2.26552	64524
-4.69956	64524
-7.13454	64524
-9.57045	64524
-12.0063	64524
-14.4441	64524
-16.8828	64524
-19.3224	64524
-21.763	64524
-24.2045	64524
-26.6479	64524
-29.0913	64524
-31.5356	64524
-33.9808	64524
-36.428	64524
-38.8751	64524
-41.3241	64524
-43.7731	64524
-46.224	64524
-48.6749	64524
-51.1277	64524
-53.5814	64524
-56.0361	64524
-58.4907	64524
-60.9473	64524
-63.4048	64524
-65.8633	64233
-68.3227	56400
-70.783	49583
-73.2453	44219
-75.7075	39427
-78.1707	35295
-80.6348	31660
-83.1009	28234
-85.5669	25594
-88.0349	22976
-90.5028	20538
-92.9727	18346
-95.4425	16565
-97.9143	14971
-100.387	13734
-102.861	12641
-105.334	11415
-107.81	10517
-110.286	9638
-112.764	8881
-115.242	8083
-117.722	7458
-120.203	6719
-122.684	6013
-125.167	5377
-127.65	4874
-130.135	4519
-132.62	4224
-135.106	3995
-137.594	3777
-140.082	3441
-142.572	3040
-145.063	2776
-147.554	2480
-150.047	2277
-152.541	2141
-155.036	2024
-157.532	1856
-160.028	1764
-162.526	1571
-165.025	1511
-167.525	1422
-170.025	1398
-172.527	1304
-175.029	1230
-177.534	1182
-180.038	1127
-182.544	1057
-185.051	1034
-187.559	1005
-190.068	981
-192.577	954
-195.089	925
-197.6	899
-200.113	889
-202.628	877
-205.143	845
-207.659	817
-210.176	820
-212.694	825
-215.213	817
-217.734	815
-220.255	799
-222.777	802
-225.3	777
-227.824	715
-230.349	768
-232.876	724
-235.403	695
-237.932	719
-240.461	708
-242.992	662
-245.523	640
-248.056	660
-250.589	648
-253.124	626
-255.66	623
-258.197	596
-260.734	574
-263.273	564
-265.813	597
-268.354	584
-270.896	540
-273.439	587
-275.982	546
-278.527	539
-281.074	526
-283.621	504
-286.169	510
-288.718	501
-291.269	468
-293.82	471
-296.372	476
-298.925	485
-301.48	467
-304.035	460
-306.592	486
-309.15	430
-311.708	451
-314.268	444
-316.828	452
-319.39	431
-321.953	429
-324.517	426
-327.082	400
-329.648	410
-332.215	410
-334.783	395
-337.352	413
-339.922	386
-342.493	357
-345.066	403
-347.639	372
-350.213	361
-352.789	381
-355.365	349
-357.943	360
-360.521	356
-363.101	331
-365.681	361
-368.263	335
-370.847	326
-373.431	350
-376.015	316
-378.601	325
-381.188	286
-383.777	327
-386.366	315
-388.956	316
-391.548	291
-394.14	283
-396.733	296
-399.328	294
-401.923	306
-404.521	294
-407.118	284
-409.717	298
-412.317	297
-414.918	257
-417.52	277
-420.123	274
-422.727	281
-425.332	263
-427.939	257
-430.546	267
-433.155	271
-435.764	255
-438.374	260
-440.986	267
-443.599	254
-446.213	266
-448.828	240
-451.444	272
-454.061	260
-456.68	249
-459.299	265
-461.919	242
-464.54	246
-467.163	252
-469.786	235
-472.411	229
-475.037	235
-477.663	247
-480.292	256
-482.92	242
-485.551	239
-488.182	234
-490.814	248
-493.447	238
-496.082	235
-498.717	244
-501.354	233
-503.992	226
-506.63	239
-509.27	234
-511.911	230
-514.553	229
-517.197	261
-519.841	226
-522.486	231
-525.133	213
-527.78	205
-530.429	239
-533.078	219
-535.729	220
-538.381	213
-541.034	245
-543.688	228
-546.343	222
-548.999	210
-551.657	209
-554.316	205
-556.975	208
-559.636	223
-562.297	205
-564.961	215
-567.625	239
-570.29	224
-572.956	186
-575.623	223
-578.292	224
-580.961	210
-583.632	232
-586.303	211
-588.976	212
-591.65	214
-594.326	217
-597.002	210
-599.679	230
-602.358	212
-605.037	227
-607.718	215
-610.399	221
-613.082	219
-615.767	218
-618.452	234
-621.138	220
-623.825	227
-626.514	232
-629.203	229
-631.893	233
-634.586	236
-637.278	224
-639.973	228
-642.667	215
-645.364	227
-648.061	210
-650.76	250
-653.46	202
-656.16	238
-658.862	232
-661.566	253
-664.269	237
-666.974	229
-669.681	225
-672.389	224
-675.097	245
-677.807	223
-680.518	223
-683.23	225
-685.943	222
-688.658	229
-691.373	234
-694.089	220
-696.807	225
-699.526	233
-702.245	231
-704.966	239
-707.689	238
-710.412	237
-713.136	229
-715.863	228
-718.589	226
-721.317	231
-724.046	223
-726.776	229
-729.508	244
-732.24	225
-734.974	224
-737.709	214
-740.444	219
-743.182	228
-745.919	213
-748.659	230
-751.399	247
-754.141	238
-756.883	220
-759.627	219
-762.372	219
-765.119	210
-767.866	251
-770.615	218
-773.365	254
-776.115	238
-778.867	215
-781.62	238
-784.375	251
-787.13	223
-789.886	223
-792.644	242
-795.402	265
-798.162	234
-800.924	222
-803.686	228
-806.449	219
-809.215	233
-811.98	227
-814.747	227
-817.516	234
-820.284	220
-823.054	233
-825.827	246
-828.599	228
-831.373	225
-834.149	224
-836.924	217
-839.702	225
-842.48	204
-845.26	241
-848.042	220
-850.823	241
-853.606	221
-856.391	234
-859.177	245
-861.963	248
-864.751	213
-867.54	229
-870.331	223
-873.122	239
-875.915	228
-878.709	211
-881.504	223
-884.3	218
-887.097	232
-889.895	220
-892.695	244
-895.496	218
-898.298	237
-901.101	236
-903.905	236
-906.711	224
-909.518	233
-912.325	229
-915.134	240
-917.945	210
-920.756	228
-923.569	213
-926.383	239
-929.198	240
-932.013	231
-934.831	230
-937.649	233
-940.47	224
-943.29	240
-946.113	234
-948.936	231
-951.761	243
-954.586	218
-957.413	242
-960.242	245
-963.07	232
-965.901	250
-968.733	233
-971.565	213
-974.399	233
-977.235	244
-980.072	235
-982.908	225
-985.747	229
-988.588	233
-991.429	240
-994.271	242
-997.115	257
-999.96	233
-1002.81	251
-1005.65	242
-1008.5	243
-1011.35	255
-1014.2	247
-1017.05	252
-1019.91	253
-1022.76	246
-1025.62	246
-1028.47	228
-1031.33	252
-1034.19	245
-1037.05	247
-1039.91	245
-1042.78	274
-1045.64	264
-1048.51	261
-1051.37	234
-1054.24	245
-1057.11	267
-1059.98	260
-1062.85	281
-1065.72	261
-1068.6	267
-1071.47	290
-1074.35	292
-1077.23	277
-1080.11	275
-1082.99	270
-1085.87	273
-1088.75	270
-1091.63	301
-1094.52	282
-1097.4	283
-1100.29	299
-1103.18	293
-1106.07	311
-1108.96	295
-1111.85	320
-1114.75	304
-1117.64	305
-1120.54	302
-1123.43	310
-1126.33	312
-1129.23	298
-1132.13	331
-1135.03	327
-1137.94	345
-1140.84	342
-1143.75	357
-1146.65	346
-1149.56	372
-1152.47	373
-1155.38	383
-1158.3	395
-1161.21	401
-1164.12	414
-1167.04	423
-1169.96	444
-1172.87	488
-1175.79	545
-1178.71	595
-1181.64	718
-1184.56	822
-1187.48	958
-1190.41	1105
-1193.33	1216
-1196.26	1333
-1199.19	1519
-1202.12	1703
-1205.06	1909
-1207.99	2182
-1210.92	2343
-1213.86	2562
-1216.8	2788
-1219.73	2961
-1222.67	3163
-1225.61	3468
-1228.55	3809
-1231.5	4192
-1234.44	4489
-1237.39	4994
-1240.33	5626
-1243.28	6663
-1246.23	9158
-1249.18	11763
-1252.14	14141
-1255.09	14703
-1258.04	15230
-1261	15259
-1263.96	14914
-1266.91	13451
-1269.87	13076
-1272.83	11545
-1275.8	9136
-1278.76	6863
-1281.72	4530
-1284.69	2726
-1287.66	1693
-1290.62	1252
-1293.59	1104
-1296.57	1015
-1299.54	813
-1302.51	723
-1305.49	670
-1308.46	646
-1311.44	632
-1314.42	585
-1317.4	570
-1320.38	549
-1323.36	573
-1326.34	554
-1329.33	545
-1332.32	553
-1335.3	535
-1338.29	519
-1341.28	539
-1344.27	503
-1347.27	515
-1350.26	490
-1353.26	478
-1356.25	474
-1359.25	462
-1362.25	458
-1365.25	433
-1368.25	439
-1371.25	409
-1374.26	387
-1377.26	375
-1380.27	367
-1383.28	332
-1386.29	317
-1389.3	300
-1392.31	284
