2745.96	641
2744.58	658
2743.19	643
2741.81	625
2740.42	633
2739.03	653
2737.64	653
2736.25	662
2734.86	669
2733.47	695
2732.08	693
2730.69	683
2729.3	687
2727.91	673
2726.51	720
2725.12	689
2723.73	710
2722.33	692
2720.94	703
2719.54	714
2718.15	711
2716.75	697
2715.35	688
2713.96	732
2712.56	713
2711.16	692
2709.76	719
2708.36	726
2706.96	724
2705.56	723
2704.16	748
2702.76	718
2701.36	707
2699.96	734
2698.56	704
2697.15	776
2695.75	759
2694.34	746
2692.94	751
2691.53	756
2690.13	726
2688.72	772
2687.31	767
2685.91	782
2684.5	778
2683.09	799
2681.68	776
2680.27	788
2678.86	759
2677.45	759
2676.04	796
2674.63	760
2673.22	754
2671.81	798
2670.39	768
2668.98	786
2667.57	790
2666.15	763
2664.74	805
2663.32	782
2661.91	807
2660.49	807
2659.07	796
2657.65	815
2656.24	811
2654.82	804
2653.4	802
2651.98	840
2650.56	854
2649.14	826
2647.72	860
2646.3	851
2644.87	844
2643.45	831
2642.03	845
2640.61	858
2639.18	860
2637.76	892
2636.33	840
2634.91	839
2633.48	871
2632.05	888
2630.62	860
2629.2	898
2627.77	874
2626.34	900
2624.91	920
2623.48	904
2622.05	909
2620.62	907
2619.19	918
2617.76	912
2616.32	892
2614.89	933
2613.46	942
2612.02	943
2610.59	902
2609.15	906
2607.72	935
2606.28	925
2604.85	914
2603.41	927
2601.97	923
2600.53	924
2599.09	923
2597.65	945
2596.22	930
2594.78	980
2593.33	946
2591.89	906
2590.45	941
2589.01	963
2587.57	966
2586.12	953
2584.68	979
2583.23	1019
2581.79	974
2580.34	995
2578.9	991
2577.45	980
2576	992
2574.56	987
2573.11	1012
2571.66	1024
2570.21	1046
2568.76	1026
2567.31	1044
2565.86	1034
2564.41	1022
2562.96	1035
2561.51	1043
2560.05	1024
2558.6	1049
2557.15	1025
2555.69	1052
2554.24	1056
2552.78	1072
2551.32	1057
2549.87	1079
2548.41	1056
2546.95	1076
2545.5	1098
2544.04	1111
2542.58	1084
2541.12	1080
2539.66	1104
2538.2	1109
2536.74	1058
2535.27	1112
2533.81	1076
2532.35	1092
2530.89	1135
2529.42	1137
2527.96	1138
2526.49	1118
2525.03	1134
2523.56	1128
2522.09	1161
2520.63	1133
2519.16	1137
2517.69	1151
2516.22	1132
2514.75	1165
2513.28	1145
2511.81	1155
2510.34	1172
2508.87	1142
2507.4	1195
2505.93	1169
2504.45	1182
2502.98	1184
2501.51	1197
2500.03	1174
2498.56	1191
2497.08	1209
2495.6	1226
2494.13	1177
2492.65	1191
2491.17	1206
2489.69	1215
2488.22	1203
2486.74	1225
2485.26	1194
2483.78	1249
2482.29	1224
2480.81	1270
2479.33	1243
2477.85	1241
2476.36	1251
2474.88	1272
2473.4	1249
2471.91	1260
2470.43	1263
2468.94	1248
2467.45	1272
2465.97	1271
2464.48	1296
2462.99	1288
2461.5	1294
2460.01	1286
2458.52	1308
2457.03	1306
2455.54	1296
2454.05	1299
2452.56	1305
2451.07	1334
2449.57	1321
2448.08	1352
2446.59	1358
2445.09	1325
2443.6	1341
2442.1	1323
2440.6	1340
2439.11	1315
2437.61	1363
2436.11	1389
2434.61	1380
2433.12	1364
2431.62	1380
2430.12	1376
2428.62	1397
2427.11	1390
2425.61	1404
2424.11	1384
2422.61	1358
2421.1	1391
2419.6	1399
2418.1	1386
2416.59	1430
2415.09	1417
2413.58	1428
2412.07	1424
2410.57	1413
2409.06	1429
2407.55	1465
2406.04	1418
2404.53	1444
2403.02	1437
2401.51	1483
2400	1471
2398.49	1477
2396.98	1484
2395.46	1437
2393.95	1494
2392.44	1472
2390.92	1493
2389.41	1468
2387.89	1511
2386.38	1507
2384.86	1512
2383.34	1505
2381.82	1486
2380.31	1502
2378.79	1558
2377.27	1520
2375.75	1573
2374.23	1553
2372.71	1547
2371.19	1569
2369.66	1524
2368.14	1549
2366.62	1539
2365.09	1576
2363.57	1591
2362.04	1570
2360.52	1591
2358.99	1568
2357.47	1576
2355.94	1622
2354.41	1623
2352.88	1550
2351.35	1612
2349.83	1606
2348.3	1561
2346.77	1578
2345.23	1571
2343.7	1642
2342.17	1631
2340.64	1647
2339.1	1659
2337.57	1624
2336.04	1629
2334.5	1630
2332.97	1626
2331.43	1640
2329.89	1682
2328.36	1697
2326.82	1667
2325.28	1679
2323.74	1658
2322.2	1725
2320.66	1683
2319.12	1694
2317.58	1678
2316.04	1717
2314.5	1727
2312.95	1710
2311.41	1729
2309.87	1719
2308.32	1769
2306.78	1744
2305.23	1741
2303.68	1739
2302.14	1762
2300.59	1785
2299.04	1782
2297.49	1745
2295.94	1804
2294.39	1763
2292.84	1803
2291.29	1789
2289.74	1755
2288.19	1802
2286.64	1764
2285.09	1832
2283.53	1807
2281.98	1818
2280.42	1769
2278.87	1836
2277.31	1832
2275.76	1804
2274.2	1807
2272.64	1797
2271.08	1834
2269.52	1842
2267.96	1834
2266.4	1836
2264.84	1841
2263.28	1835
2261.72	1853
2260.16	1873
2258.6	1898
2257.03	1845
2255.47	1836
2253.9	1869
2252.34	1921
2250.77	1919
2249.21	1881
2247.64	1950
2246.07	1885
2244.51	1959
2242.94	1946
2241.37	1873
2239.8	1963
2238.23	1949
2236.66	1910
2235.09	1937
2233.51	1943
2231.94	1966
2230.37	1967
2228.79	1969
2227.22	1973
2225.65	1960
2224.07	1953
2222.49	1992
2220.92	2037
2219.34	1995
2217.76	1996
2216.18	2019
2214.61	2024
2213.03	2043
2211.45	1998
2209.86	2062
2208.28	2024
2206.7	2032
2205.12	2072
2203.54	2071
2201.95	2071
2200.37	2030
2198.78	2058
2197.2	2096
2195.61	2062
2194.03	2114
2192.44	2051
2190.85	2071
2189.26	2148
2187.67	2109
2186.09	2057
2184.5	2138
2182.9	2132
2181.31	2174
2179.72	2159
2178.13	2143
2176.54	2185
2174.94	2178
2173.35	2131
2171.75	2102
2170.16	2182
2168.56	2171
2166.97	2191
2165.37	2186
2163.77	2217
2162.17	2175
2160.58	2180
2158.98	2244
2157.38	2227
2155.78	2233
2154.17	2250
2152.57	2218
2150.97	2234
2149.37	2194
2147.76	2301
2146.16	2251
2144.56	2325
2142.95	2239
2141.34	2271
2139.74	2209
2138.13	2284
2136.52	2311
2134.91	2320
2133.31	2308
2131.7	2293
2130.09	2296
2128.48	2290
2126.86	2316
2125.25	2286
2123.64	2285
2122.03	2300
2120.41	2341
2118.8	2330
2117.18	2317
2115.57	2379
2113.95	2392
2112.34	2323
2110.72	2361
2109.1	2371
2107.48	2406
2105.86	2408
2104.25	2408
2102.63	2379
2101	2416
2099.38	2389
2097.76	2388
2096.14	2438
2094.52	2436
2092.89	2422
2091.27	2421
2089.64	2442
2088.02	2471
2086.39	2444
2084.76	2435
2083.14	2459
2081.51	2493
2079.88	2462
2078.25	2522
2076.62	2526
2074.99	2482
2073.36	2495
2071.73	2529
2070.1	2569
2068.46	2523
2066.83	2573
2065.2	2588
2063.56	2581
2061.93	2611
2060.29	2594
2058.65	2569
2057.02	2574
2055.38	2595
2053.74	2626
2052.1	2589
2050.46	2561
2048.82	2581
2047.18	2556
2045.54	2545
2043.9	2681
2042.26	2557
2040.61	2655
2038.97	2628
2037.33	2669
2035.68	2711
2034.04	2627
2032.39	2652
2030.74	2640
2029.1	2669
2027.45	2718
2025.8	2670
2024.15	2734
2022.5	2652
2020.85	2669
2019.2	2713
2017.55	2687
2015.89	2687
2014.24	2718
2012.59	2759
2010.93	2737
2009.28	2744
2007.62	2768
2005.97	2733
2004.31	2782
2002.65	2757
2001	2720
1999.34	2832
1997.68	2755
1996.02	2805
1994.36	2783
1992.7	2806
1991.04	2854
1989.38	2862
1987.71	2847
1986.05	2846
1984.39	2899
1982.72	2867
1981.06	2907
1979.39	2938
1977.72	2919
1976.06	2948
1974.39	2906
1972.72	2950
1971.05	2931
1969.38	2956
1967.71	2946
1966.04	2997
1964.37	3001
1962.7	3010
1961.03	3042
1959.35	3017
1957.68	3055
1956	3001
1954.33	3007
1952.65	3025
1950.98	3025
1949.3	3056
1947.62	3089
1945.94	3032
1944.27	3053
1942.59	3117
1940.91	3068
1939.23	3063
1937.54	3056
1935.86	3133
1934.18	3079
1932.5	3170
1930.81	3068
1929.13	3146
1927.44	3133
1925.76	3124
1924.07	3135
1922.39	3160
1920.7	3165
1919.01	3223
1917.32	3138
1915.63	3202
1913.94	3184
1912.25	3123
1910.56	3172
1908.87	3237
1907.17	3241
1905.48	3204
1903.79	3236
1902.09	3178
1900.4	3281
1898.7	3297
1897.01	3256
1895.31	3270
1893.61	3325
1891.91	3313
1890.21	3371
1888.51	3396
1886.81	3285
1885.11	3353
1883.41	3385
1881.71	3392
1880.01	3398
1878.3	3395
1876.6	3487
1874.9	3449
1873.19	3454
1871.48	3433
1869.78	3426
1868.07	3476
1866.36	3485
1864.65	3519
1862.95	3449
1861.24	3541
1859.53	3542
1857.81	3579
1856.1	3564
1854.39	3593
1852.68	3577
1850.96	3641
1849.25	3612
1847.54	3642
1845.82	3689
1844.1	3617
1842.39	3671
1840.67	3662
1838.95	3711
1837.23	3691
1835.51	3705
1833.79	3666
1832.07	3747
1830.35	3774
1828.63	3772
1826.91	3781
1825.18	3769
1823.46	3800
1821.74	3841
1820.01	3810
1818.29	3801
1816.56	3803
1814.83	3818
1813.1	3873
1811.38	3865
1809.65	3951
1807.92	3932
1806.19	3929
1804.46	3981
1802.73	3895
1800.99	3914
1799.26	3988
1797.53	3991
1795.79	3993
1794.06	4000
1792.32	4047
1790.59	4090
1788.85	4050
1787.11	4075
1785.37	4052
1783.64	4076
1781.9	4087
1780.16	4161
1778.42	4134
1776.67	4200
1774.93	4144
1773.19	4166
1771.45	4241
1769.7	4241
1767.96	4232
1766.21	4238
1764.47	4287
1762.72	4283
1760.97	4301
1759.23	4376
1757.48	4379
1755.73	4412
1753.98	4392
1752.23	4431
1750.48	4474
1748.73	4476
1746.97	4502
1745.22	4482
1743.47	4504
1741.71	4605
1739.96	4562
1738.2	4563
1736.44	4633
1734.69	4612
1732.93	4689
1731.17	4681
1729.41	4638
1727.65	4727
1725.89	4718
1724.13	4759
1722.37	4791
1720.61	4811
1718.85	4824
1717.08	4753
1715.32	4808
1713.55	4888
1711.79	4926
1710.02	4960
1708.25	4909
1706.49	5028
1704.72	5048
1702.95	5047
1701.18	5052
1699.41	5071
1697.64	5160
1695.87	5106
1694.09	5154
1692.32	5160
1690.55	5206
1688.77	5234
1687	5263
1685.22	5297
1683.45	5352
1681.67	5409
1679.89	5451
1678.11	5418
1676.34	5447
1674.56	5504
1672.78	5459
1671	5560
1669.21	5685
1667.43	5594
1665.65	5692
1663.86	5626
1662.08	5700
1660.3	5795
1658.51	5731
1656.72	5734
1654.94	5801
1653.15	5852
1651.36	5844
1649.57	5792
1647.78	5811
1645.99	5819
1644.2	5814
1642.41	5850
1640.62	5730
1638.82	5762
1637.03	5806
1635.24	5835
1633.44	5745
1631.65	5759
1629.85	5789
1628.05	5789
1626.25	5804
1624.46	5827
1622.66	5786
1620.86	5783
1619.06	5769
1617.26	5646
1615.45	5786
1613.65	5695
1611.85	5778
1610.04	5709
1608.24	5811
1606.43	5831
1604.63	5750
1602.82	5769
1601.02	5829
1599.21	5836
1597.4	5864
1595.59	5837
1593.78	5879
1591.97	5841
1590.16	5862
1588.35	5828
1586.53	5815
1584.72	5822
1582.91	5855
1581.09	5871
1579.28	5858
1577.46	5836
1575.64	5905
1573.82	5874
1572.01	5832
1570.19	5831
1568.37	5920
1566.55	5937
1564.73	5891
1562.91	5906
1561.08	5866
1559.26	5874
1557.44	5925
1555.61	5868
1553.79	5911
1551.96	5877
1550.14	5919
1548.31	5811
1546.48	5946
1544.65	5868
1542.82	5823
1540.99	5868
1539.16	5868
1537.33	5839
1535.5	5854
1533.67	5788
1531.83	5856
1530	5890
1528.16	5906
1526.33	5873
1524.49	5780
1522.66	5806
1520.82	5811
1518.98	5929
1517.14	5815
1515.3	5850
1513.46	5849
1511.62	5832
1509.78	5791
1507.94	5796
1506.09	5871
1504.25	5891
1502.41	5852
1500.56	5902
1498.71	5896
1496.87	5780
1495.02	5894
1493.17	5952
1491.32	5843
1489.47	5900
1487.63	5962
1485.77	5893
1483.92	5934
1482.07	5976
1480.22	6030
1478.36	6025
1476.51	6109
1474.66	6145
1472.8	6232
1470.94	6239
1469.09	6217
1467.23	6325
1465.37	6415
1463.51	6432
1461.65	6476
1459.79	6385
1457.93	6459
1456.07	6540
1454.2	6500
1452.34	6516
1450.48	6487
1448.61	6546
1446.75	6430
1444.88	6454
1443.01	6466
1441.14	6450
1439.28	6391
1437.41	6471
1435.54	6369
1433.67	6287
1431.8	6305
1429.92	6322
1428.05	6312
1426.18	6265
1424.3	6292
1422.43	6241
1420.55	6333
1418.68	6182
1416.8	6195
1414.92	6236
1413.04	6237
1411.17	6139
1409.29	6159
1407.41	6102
1405.52	6086
1403.64	6041
1401.76	6108
1399.88	6036
1397.99	6101
1396.11	6101
1394.22	6063
1392.34	6088
1390.45	6038
1388.56	6063
1386.67	6019
1384.78	6088
1382.89	6054
1381	6089
1379.11	6004
1377.22	5994
1375.33	6050
1373.43	5981
1371.54	5987
1369.65	6028
1367.75	6111
1365.85	6119
1363.96	6097
1362.06	6138
1360.16	6142
1358.26	6142
1356.36	6168
1354.46	6261
1352.56	6247
1350.66	6341
1348.75	6351
1346.85	6340
1344.95	6311
1343.04	6326
1341.14	6369
1339.23	6418
1337.32	6368
1335.42	6368
1333.51	6419
1331.6	6389
1329.69	6357
1327.78	6326
1325.86	6418
1323.95	6452
1322.04	6525
1320.13	6481
1318.21	6513
1316.3	6623
1314.38	6570
1312.46	6563
1310.55	6577
1308.63	6593
1306.71	6674
1304.79	6623
1302.87	6642
1300.95	6745
1299.03	6729
1297.1	6669
1295.18	6738
1293.26	6805
1291.33	6861
1289.41	6809
1287.48	6837
1285.55	6921
1283.63	7019
1281.7	6941
1279.77	6987
1277.84	6927
1275.91	6965
1273.98	7018
1272.05	7043
1270.11	7054
1268.18	6910
1266.24	6971
1264.31	7049
1262.37	6898
1260.44	6851
1258.5	6955
1256.56	6974
1254.62	6967
1252.68	6971
1250.74	6876
1248.8	6856
1246.86	6851
1244.92	6796
1242.98	6780
1241.03	6830
1239.09	6748
1237.14	6762
1235.2	6664
1233.25	6648
1231.3	6669
1229.35	6516
1227.4	6527
1225.45	6532
1223.5	6448
1221.55	6343
1219.6	6408
1217.65	6256
1215.69	6230
1213.74	6188
1211.78	6128
1209.83	6108
1207.87	6014
1205.91	6031
1203.96	6016
1202	5976
1200.04	5948
1198.08	5849
1196.12	5844
1194.15	5894
1192.19	5794
1190.23	5788
1188.26	5763
1186.3	5804
1184.33	5715
1182.37	5757
1180.4	5696
1178.43	5688
1176.46	5676
1174.49	5708
1172.52	5617
1170.55	5680
1168.58	5664
1166.61	5662
1164.64	5674
1162.66	5719
1160.69	5652
1158.71	5610
1156.73	5627
1154.76	5677
1152.78	5660
1150.8	5678
1148.82	5547
1146.84	5656
1144.86	5693
1142.88	5626
1140.9	5679
1138.91	5738
1136.93	5696
1134.95	5743
1132.96	5721
1130.97	5800
1128.99	5749
1127	5744
1125.01	5780
1123.02	5807
1121.03	5730
1119.04	5731
1117.05	5786
1115.06	5780
1113.07	5832
1111.07	5789
1109.08	5770
1107.08	5857
1105.09	5826
1103.09	5836
1101.09	5879
1099.09	5833
1097.09	5895
1095.09	5883
1093.09	5918
1091.09	5944
1089.09	5923
1087.09	5928
1085.08	5890
1083.08	5897
1081.07	5936
1079.07	5994
1077.06	5982
1075.05	5871
1073.04	5861
1071.03	5834
1069.02	5863
1067.01	5891
1065	5834
1062.99	5869
1060.98	5919
1058.96	5954
1056.95	5958
1054.93	5823
1052.92	5875
1050.9	5824
1048.88	5831
1046.86	5907
1044.84	5944
1042.82	5834
1040.8	5758
1038.78	5814
1036.76	5856
1034.74	5916
1032.71	5851
1030.69	5783
1028.66	5887
1026.64	5780
1024.61	5836
1022.58	5762
1020.55	5732
1018.52	5802
1016.49	5784
1014.46	5768
1012.43	5731
1010.4	5816
1008.36	5773
1006.33	5798
1004.29	5804
1002.26	5796
1000.22	5768
998.184	5805
996.146	5865
994.108	5758
992.068	5842
990.028	5846
987.986	5877
985.944	5835
983.901	5859
981.858	5927
979.813	5995
977.768	5973
975.722	5980
973.675	5986
971.627	5990
969.579	6072
967.53	6053
965.48	6104
963.429	6097
961.377	6145
959.325	6072
957.273	6077
955.218	6190
953.163	6077
951.108	6109
949.051	6178
946.994	6223
944.936	6123
942.878	6207
940.818	6229
938.758	6153
936.697	6226
934.634	6240
932.572	6194
930.509	6191
928.444	6177
926.379	6207
924.313	6148
922.246	6159
920.179	6282
918.111	6185
916.041	6236
913.972	6228
911.901	6236
909.829	6275
907.757	6141
905.684	6180
903.61	6208
901.535	6110
899.46	6258
897.383	6209
895.306	6138
893.228	6178
891.149	6225
889.069	6153
886.989	6195
884.908	6269
882.826	6297
880.743	6253
878.659	6279
876.575	6306
874.49	6353
872.403	6341
870.317	6427
868.229	6394
866.141	6401
864.051	6471
861.961	6429
859.87	6456
857.779	6407
855.685	6515
853.592	6506
851.498	6481
849.403	6520
847.307	6508
845.211	6540
843.113	6459
841.015	6469
838.916	6576
836.816	6432
834.715	6502
832.613	6558
830.511	6499
828.408	6468
826.304	6370
824.199	6461
822.093	6383
819.987	6396
817.879	6436
815.771	6427
813.663	6333
811.553	6360
809.442	6354
807.331	6306
805.218	6290
803.105	6255
800.992	6290
798.877	6281
796.761	6271
794.645	6309
792.527	6220
790.41	6319
788.291	6323
786.171	6262
784.051	6371
781.929	6310
779.807	6256
777.684	6294
775.56	6319
773.436	6334
771.31	6341
769.184	6412
767.057	6421
764.929	6464
762.8	6517
760.67	6411
758.54	6478
756.409	6553
754.277	6560
752.143	6583
750.01	6596
747.875	6551
745.74	6593
743.603	6692
741.466	6630
739.328	6614
737.189	6656
735.049	6697
732.909	6778
730.768	6745
728.626	6705
726.483	6638
724.339	6643
722.194	6759
720.049	6719
717.903	6637
715.755	6689
713.607	6702
711.458	6638
709.308	6572
707.158	6579
705.007	6609
702.855	6661
700.701	6631
698.548	6530
696.393	6548
694.237	6497
692.081	6579
689.923	6492
687.765	6511
685.606	6512
683.446	6493
681.286	6480
679.124	6500
676.962	6482
674.798	6522
672.635	6461
670.469	6470
668.304	6526
666.137	6449
663.969	6515
661.801	6581
659.632	6565
657.462	6591
655.291	6581
653.119	6584
650.947	6627
648.773	6585
646.599	6726
644.424	6741
642.248	6752
640.071	6658
637.893	6755
635.714	6729
633.535	6759
631.354	6800
629.173	6739
626.992	6846
624.809	6805
622.625	6796
620.44	6852
618.255	6880
616.069	6917
613.882	6899
611.694	6816
609.505	6824
607.315	6896
605.124	6865
602.933	6928
600.741	6828
598.548	6818
596.354	6830
594.158	6809
591.963	6884
589.766	6786
587.569	6837
585.37	6809
583.171	6843
580.971	6918
578.769	6837
576.569	6849
574.365	6887
572.161	6778
569.957	6861
567.752	6901
565.545	6915
563.339	6928
561.13	6925
558.922	6903
556.712	6921
554.502	6888
552.291	6832
550.078	6891
547.865	6934
545.651	7021
543.436	7026
541.22	7024
539.004	7024
536.787	7141
534.568	7173
532.349	7103
530.128	7124
527.907	7082
525.686	7141
523.463	7131
521.239	7168
519.015	7318
516.789	7205
514.563	7265
512.335	7304
510.107	7208
507.879	7197
505.648	7221
503.418	7355
501.186	7246
498.954	7254
496.721	7177
494.486	7181
492.251	7182
490.015	7117
487.778	7227
485.541	7125
483.302	7103
481.063	7109
478.822	7171
476.581	7098
474.338	7167
472.096	7182
469.851	7167
467.607	7206
465.361	7253
463.114	7202
460.867	7165
458.618	7204
456.369	7229
454.119	7255
451.868	7307
449.616	7275
447.363	7362
445.11	7387
442.854	7420
440.599	7320
438.343	7466
436.085	7495
433.827	7450
431.568	7518
429.308	7546
427.047	7569
424.786	7634
422.522	7609
420.259	7609
417.994	7701
415.729	7667
413.463	7689
411.196	7683
408.927	7725
406.658	7719
404.389	7702
402.118	7643
399.846	7722
397.573	7705
395.3	7668
393.025	7715
390.75	7702
388.474	7737
386.196	7759
383.919	7818
381.64	7828
379.36	7789
377.08	7755
374.798	7848
372.515	7847
370.231	7812
367.947	7867
365.662	7930
363.376	7860
361.089	7890
358.801	7934
356.511	7902
354.222	7997
351.931	7978
349.639	7945
347.347	8003
345.053	8043
342.759	7977
340.463	8127
338.167	8137
335.871	8160
333.572	8080
331.273	8117
328.974	8142
326.673	8205
324.371	8300
322.068	8334
319.765	8319
317.46	8315
315.154	8313
312.849	8444
310.541	8517
308.233	8548
305.924	8566
303.614	8519
301.303	8596
298.992	8671
296.679	8754
294.365	8725
292.051	8852
289.734	8928
287.418	8970
285.101	9005
282.783	9059
280.463	9108
278.144	9142
275.822	9241
273.5	9277
271.178	9352
268.853	9514
266.529	9603
264.203	9551
261.876	9735
259.548	9698
257.22	9921
254.891	9962
252.561	10006
250.229	10080
247.897	10233
245.564	10329
243.23	10401
240.895	10455
238.559	10530
236.222	10671
233.884	10929
231.545	10983
229.206	11018
226.865	11211
224.524	11410
222.181	11429
219.838	11762
217.493	11791
215.148	12122
212.802	12247
210.455	12297
208.106	12473
205.758	12906
203.407	12893
201.056	13084
198.705	13393
196.351	13711
193.997	13755
191.643	13965
189.288	14110
186.931	14447
184.574	14522
182.214	14570
179.855	14817
177.495	15197
175.134	15166
172.771	15465
170.408	15587
168.044	15793
165.679	16101
163.312	16219
160.946	16369
158.578	16698
156.208	16787
153.838	17161
151.468	17312
149.097	17325
146.724	17439
144.349	17726
141.975	18103
139.599	18572
137.223	18741
134.846	18984
132.467	19191
130.088	19592
127.707	20014
125.326	20555
122.944	20756
120.56	21172
118.177	21642
115.791	22395
113.405	22876
111.018	23420
108.63	24136
106.241	24839
103.851	25600
101.46	26500
99.0686	27478
96.675	28842
94.2815	29974
91.8872	31158
89.4909	32570
87.0947	34159
84.6966	35899
82.2976	37771
79.8987	39955
77.4979	42561
75.0962	45830
72.6935	49368
70.29	54064
67.8855	60090
65.4801	64524
63.0739	64524
60.6667	64524
58.2586	64524
55.8495	64524
53.4386	64524
51.0278	64524
48.616	64524
46.2023	64524
43.7887	64524
41.3732	64524
38.9568	64524
36.5404	64524
34.1222	64524
31.703	64524
29.2829	64524
26.8618	64524
24.4399	64524
22.017	64524
19.5932	64524
17.1685	64524
14.7429	64524
12.3153	64524
9.88782	64524
7.4594	64524
5.02907	64524
2.5988	64524
0.166609	64524
-2.26552	64524
-4.69956	64524
-7.13454	64524
-9.57045	64524
-12.0063	64524
-14.4441	64524
-16.8828	64524
-19.3224	64524
-21.763	64524
-24.2045	64524
-26.6479	64524
-29.0913	64524
-31.5356	64524
-33.9808	64524
-36.428	64524
-38.8751	64524
-41.3241	64524
-43.7731	64524
-46.224	64524
-48.6749	64524
-51.1277	64524
-53.5814	64524
-56.0361	64524
-58.4907	64524
-60.9473	64524
-63.4048	64524
-65.8633	64524
-68.3227	63003
-70.783	55564
-73.2453	49141
-75.7075	43628
-78.1707	39123
-80.6348	34978
-83.1009	31422
-85.5669	28225
-88.0349	25246
-90.5028	22796
-92.9727	20445
-95.4425	18517
-97.9143	16845
-100.387	15231
-102.861	13712
-105.334	12413
-107.81	11415
-110.286	10471
-112.764	9664
-115.242	8872
-117.722	8213
-120.203	7586
-122.684	6890
-125.167	6104
-127.65	5528
-130.135	4899
-132.62	4467
-135.106	4187
-137.594	3906
-140.082	3642
-142.572	3392
-145.063	3146
-147.554	2728
-150.047	2463
-152.541	2221
-155.036	2070
-157.532	1949
-160.028	1840
-162.526	1712
-165.025	1595
-167.525	1517
-170.025	1439
-172.527	1350
-175.029	1286
-177.534	1246
-180.038	1205
-182.544	1126
-185.051	1073
-187.559	1031
-190.068	1015
-192.577	1005
-195.089	1001
-197.6	951
-200.113	944
-202.628	926
-205.143	879
-207.659	887
-210.176	830
-212.694	830
-215.213	809
-217.734	822
-220.255	826
-222.777	861
-225.3	799
-227.824	789
-230.349	787
-232.876	765
-235.403	723
-237.932	728
-240.461	711
-242.992	690
-245.523	697
-248.056	672
-250.589	662
-253.124	628
-255.66	633
-258.197	631
-260.734	652
-263.273	635
-265.813	644
-268.354	613
-270.896	598
-273.439	588
-275.982	556
-278.527	572
-281.074	533
-283.621	575
-286.169	542
-288.718	498
-291.269	534
-293.82	519
-296.372	506
-298.925	481
-301.48	485
-304.035	483
-306.592	488
-309.15	469
-311.708	453
-314.268	461
-316.828	440
-319.39	446
-321.953	431
-324.517	449
-327.082	429
-329.648	404
-332.215	437
-334.783	410
-337.352	397
-339.922	407
-342.493	402
-345.066	407
-347.639	381
-350.213	397
-352.789	392
-355.365	379
-357.943	386
-360.521	369
-363.101	357
-365.681	364
-368.263	326
-370.847	341
-373.431	361
-376.015	363
-378.601	358
-381.188	353
-383.777	331
-386.366	347
-388.956	332
-391.548	343
-394.14	325
-396.733	334
-399.328	320
-401.923	314
-404.521	290
-407.118	331
-409.717	279
-412.317	306
-414.918	287
-417.52	297
-420.123	266
-422.727	294
-425.332	283
-427.939	288
-430.546	289
-433.155	301
-435.764	263
-438.374	276
-440.986	292
-443.599	285
-446.213	265
-448.828	280
-451.444	266
-454.061	266
-456.68	267
-459.299	259
-461.919	260
-464.54	263
-467.163	273
-469.786	260
-472.411	244
-475.037	242
-477.663	256
-480.292	265
-482.92	242
-485.551	234
-488.182	259
-490.814	246
-493.447	243
-496.082	257
-498.717	257
-501.354	246
-503.992	233
-506.63	232
-509.27	251
-511.911	239
-514.553	227
-517.197	233
-519.841	238
-522.486	244
-525.133	230
-527.78	220
-530.429	231
-533.078	215
-535.729	224
-538.381	225
-541.034	232
-543.688	230
-546.343	230
-548.999	240
-551.657	233
-554.316	230
-556.975	231
-559.636	233
-562.297	224
-564.961	233
-567.625	209
-570.29	226
-572.956	219
-575.623	218
-578.292	233
-580.961	199
-583.632	235
-586.303	222
-588.976	215
-591.65	229
-594.326	228
-597.002	226
-599.679	243
-602.358	230
-605.037	227
-607.718	232
-610.399	215
-613.082	240
-615.767	243
-618.452	244
-621.138	226
-623.825	258
-626.514	224
-629.203	238
-631.893	238
-634.586	207
-637.278	239
-639.973	212
-642.667	249
-645.364	223
-648.061	236
-650.76	226
-653.46	230
-656.16	229
-658.862	238
-661.566	238
-664.269	241
-666.974	227
-669.681	225
-672.389	251
-675.097	239
-677.807	243
-680.518	238
-683.23	237
-685.943	240
-688.658	252
-691.373	228
-694.089	235
-696.807	257
-699.526	242
-702.245	250
-704.966	240
-707.689	256
-710.412	239
-713.136	249
-715.863	245
-718.589	236
-721.317	228
-724.046	256
-726.776	241
-729.508	235
-732.24	246
-734.974	248
-737.709	238
-740.444	249
-743.182	242
-745.919	215
-748.659	234
-751.399	237
-754.141	227
-756.883	237
-759.627	242
-762.372	245
-765.119	237
-767.866	246
-770.615	229
-773.365	245
-776.115	249
-778.867	231
-781.62	265
-784.375	229
-787.13	233
-789.886	239
-792.644	262
-795.402	261
-798.162	237
-800.924	247
-803.686	242
-806.449	249
-809.215	231
-811.98	247
-814.747	252
-817.516	239
-820.284	235
-823.054	230
-825.827	252
-828.599	264
-831.373	252
-834.149	236
-836.924	239
-839.702	262
-842.48	244
-845.26	216
-848.042	214
-850.823	246
-853.606	243
-856.391	232
-859.177	234
-861.963	241
-864.751	223
-867.54	236
-870.331	228
-873.122	249
-875.915	221
-878.709	208
-881.504	236
-884.3	230
-887.097	243
-889.895	235
-892.695	234
-895.496	244
-898.298	227
-901.101	262
-903.905	236
-906.711	239
-909.518	256
-912.325	246
-915.134	243
-917.945	218
-920.756	220
-923.569	246
-926.383	263
-929.198	230
-932.013	241
-934.831	230
-937.649	245
-940.47	260
-943.29	229
-946.113	255
-948.936	227
-951.761	239
-954.586	252
-957.413	223
-960.242	264
-963.07	252
-965.901	260
-968.733	252
-971.565	242
-974.399	246
-977.235	248
-980.072	246
-982.908	250
-985.747	245
-988.588	261
-991.429	234
-994.271	271
-997.115	261
-999.96	231
-1002.81	273
-1005.65	271
-1008.5	258
-1011.35	259
-1014.2	262
-1017.05	263
-1019.91	260
-1022.76	259
-1025.62	276
-1028.47	255
-1031.33	264
-1034.19	238
-1037.05	262
-1039.91	252
-1042.78	284
-1045.64	264
-1048.51	261
-1051.37	251
-1054.24	268
-1057.11	282
-1059.98	264
-1062.85	289
-1065.72	282
-1068.6	258
-1071.47	273
-1074.35	290
-1077.23	293
-1080.11	293
-1082.99	299
-1085.87	289
-1088.75	307
-1091.63	287
-1094.52	315
-1097.4	294
-1100.29	313
-1103.18	300
-1106.07	318
-1108.96	286
-1111.85	301
-1114.75	323
-1117.64	336
-1120.54	307
-1123.43	339
-1126.33	333
-1129.23	344
-1132.13	346
-1135.03	352
-1137.94	356
-1140.84	347
-1143.75	352
-1146.65	381
-1149.56	380
-1152.47	386
-1155.38	412
-1158.3	418
-1161.21	465
-1164.12	450
-1167.04	487
-1169.96	480
-1172.87	507
-1175.79	585
-1178.71	649
-1181.64	746
-1184.56	878
-1187.48	1036
-1190.41	1157
-1193.33	1271
-1196.26	1413
-1199.19	1561
-1202.12	1816
-1205.06	1981
-1207.99	2228
-1210.92	2473
-1213.86	2655
-1216.8	2866
-1219.73	3069
-1222.67	3194
-1225.61	3479
-1228.55	3854
-1231.5	4317
-1234.44	4833
-1237.39	5241
-1240.33	5974
-1243.28	6897
-1246.23	9581
-1249.18	12515
-1252.14	14373
-1255.09	15651
-1258.04	16365
-1261	16729
-1263.96	16304
-1266.91	15043
-1269.87	13624
-1272.83	11637
-1275.8	9261
-1278.76	7370
-1281.72	5118
-1284.69	2952
-1287.66	1813
-1290.62	1313
-1293.59	1167
-1296.57	1083
-1299.54	886
-1302.51	783
-1305.49	723
-1308.46	696
-1311.44	660
-1314.42	637
-1317.4	624
-1320.38	586
-1323.36	546
-1326.34	544
-1329.33	583
-1332.32	554
-1335.3	561
-1338.29	573
-1341.28	554
-1344.27	570
-1347.27	515
-1350.26	513
-1353.26	527
-1356.25	503
-1359.25	499
-1362.25	490
-1365.25	455
-1368.25	468
-1371.25	460
-1374.26	430
-1377.26	395
-1380.27	390
-1383.28	368
-1386.29	330
-1389.3	295
-1392.31	288
